UP1, 9.4.2019, 9:0
Fixed value(s) :  AC Volt  [Vrms]=1.0000e+00
 Freq. [Hz]	 Temp. [°C]	 Eps'  	 Eps'' 	Tan(Delta) 	 |Sig| [S/cm]
1.00000e+06	-5.00000e+01	2.80218e+00	6.09603e-02	2.17546e-02	1.00317e-06
7.14286e+05	-5.00000e+01	2.81821e+00	6.31208e-02	2.23975e-02	7.22948e-07
5.10204e+05	-5.00000e+01	2.83299e+00	6.65646e-02	2.34962e-02	5.20618e-07
3.64432e+05	-5.00000e+01	2.84876e+00	7.00153e-02	2.45775e-02	3.75092e-07
2.60308e+05	-5.00000e+01	2.86629e+00	7.25793e-02	2.53217e-02	2.70473e-07
1.85934e+05	-5.00000e+01	2.88016e+00	7.33578e-02	2.54700e-02	1.94632e-07
1.32810e+05	-5.00000e+01	2.89648e+00	7.45727e-02	2.57460e-02	1.40231e-07
9.48645e+04	-5.00000e+01	2.91498e+00	7.52077e-02	2.58004e-02	1.01142e-07
6.77604e+04	-5.00000e+01	2.93008e+00	7.56838e-02	2.58300e-02	7.28137e-08
4.84003e+04	-5.00000e+01	2.94634e+00	7.45637e-02	2.53073e-02	5.24461e-08
3.45716e+04	-5.00000e+01	2.96462e+00	7.37034e-02	2.48610e-02	3.78122e-08
2.46940e+04	-5.00000e+01	2.97938e+00	7.23965e-02	2.42992e-02	2.72107e-08
1.76386e+04	-5.00000e+01	2.99469e+00	7.09457e-02	2.36905e-02	1.95859e-08
1.25990e+04	-5.00000e+01	3.00962e+00	6.93520e-02	2.30434e-02	1.40941e-08
8.99928e+03	-5.00000e+01	3.02573e+00	6.78618e-02	2.24282e-02	1.01476e-08
6.42805e+03	-5.00000e+01	3.03864e+00	6.65103e-02	2.18882e-02	7.29424e-09
4.59147e+03	-5.00000e+01	3.05130e+00	6.49613e-02	2.12897e-02	5.24236e-09
3.27962e+03	-5.00000e+01	3.06696e+00	6.39824e-02	2.08618e-02	3.77305e-09
2.34258e+03	-5.00000e+01	3.07917e+00	6.31577e-02	2.05113e-02	2.71091e-09
1.67328e+03	-5.00000e+01	3.09223e+00	6.23675e-02	2.01691e-02	1.94849e-09
1.19520e+03	-5.00000e+01	3.10506e+00	6.26169e-02	2.01661e-02	1.40031e-09
8.53712e+02	-5.00000e+01	3.11783e+00	6.12457e-02	1.96437e-02	1.00627e-09
6.09794e+02	-5.00000e+01	3.13093e+00	6.05990e-02	1.93550e-02	7.23197e-10
4.35567e+02	-5.00000e+01	3.14436e+00	5.97857e-02	1.90136e-02	5.19816e-10
3.11119e+02	-5.00000e+01	3.15730e+00	5.85248e-02	1.85363e-02	3.73531e-10
2.22228e+02	-5.00000e+01	3.17018e+00	5.69949e-02	1.79785e-02	2.68394e-10
1.58734e+02	-5.00000e+01	3.18276e+00	5.52090e-02	1.73462e-02	1.92817e-10
1.13382e+02	-5.00000e+01	3.19455e+00	5.34220e-02	1.67228e-02	1.38467e-10
8.09869e+01	-5.00000e+01	3.20584e+00	5.05064e-02	1.57545e-02	9.94104e-11
5.78478e+01	-5.00000e+01	3.21662e+00	4.74514e-02	1.47520e-02	7.13520e-11
4.13199e+01	-5.00000e+01	3.22655e+00	4.48838e-02	1.39108e-02	5.11928e-11
2.95142e+01	-5.00000e+01	3.23570e+00	4.15818e-02	1.28509e-02	3.67155e-11
2.10816e+01	-5.00000e+01	3.24396e+00	3.88449e-02	1.19745e-02	2.63216e-11
1.50583e+01	-5.00000e+01	3.25202e+00	3.64872e-02	1.12198e-02	1.88683e-11
1.07559e+01	-5.00000e+01	3.25929e+00	3.40735e-02	1.04543e-02	1.35206e-11
7.68279e+00	-5.00000e+01	3.26610e+00	3.26414e-02	9.99398e-03	9.68664e-12
5.48770e+00	-5.00000e+01	3.27216e+00	3.05916e-02	9.34906e-03	6.93743e-12
3.91979e+00	-5.00000e+01	3.27919e+00	2.88944e-02	8.81143e-03	4.97058e-12
2.79985e+00	-5.00000e+01	3.28375e+00	2.69956e-02	8.22098e-03	3.55749e-12
1.99989e+00	-5.00000e+01	3.28945e+00	2.57443e-02	7.82631e-03	2.54738e-12
1.42850e+00	-5.00000e+01	3.29407e+00	2.45402e-02	7.44980e-03	1.82323e-12
1.02035e+00	-5.00000e+01	3.30031e+00	2.43764e-02	7.38610e-03	1.30584e-12
7.28824e-01	-5.00000e+01	3.30389e+00	2.36013e-02	7.14349e-03	9.34191e-13
5.20588e-01	-5.00000e+01	3.30941e+00	2.34087e-02	7.07337e-03	6.68880e-13
5.00000e-01	-5.00000e+01	3.31056e+00	2.25844e-02	6.82193e-03	6.42744e-13
1.00000e+06	-4.50000e+01	2.83879e+00	6.69593e-02	2.35873e-02	1.02364e-06
7.14286e+05	-4.50000e+01	2.85537e+00	6.88128e-02	2.40994e-02	7.37787e-07
5.10204e+05	-4.50000e+01	2.87159e+00	7.19852e-02	2.50681e-02	5.31624e-07
3.64432e+05	-4.50000e+01	2.88870e+00	7.50827e-02	2.59919e-02	3.83222e-07
2.60308e+05	-4.50000e+01	2.90758e+00	7.71658e-02	2.65395e-02	2.76474e-07
1.85934e+05	-4.50000e+01	2.92235e+00	7.74894e-02	2.65161e-02	1.99010e-07
1.32810e+05	-4.50000e+01	2.93969e+00	7.80868e-02	2.65630e-02	1.43431e-07
9.48645e+04	-4.50000e+01	2.95909e+00	7.80027e-02	2.63604e-02	1.03474e-07
6.77604e+04	-4.50000e+01	2.97460e+00	7.78269e-02	2.61639e-02	7.44938e-08
4.84003e+04	-4.50000e+01	2.99120e+00	7.61196e-02	2.54479e-02	5.36547e-08
3.45716e+04	-4.50000e+01	3.00978e+00	7.47949e-02	2.48507e-02	3.86810e-08
2.46940e+04	-4.50000e+01	3.02460e+00	7.30984e-02	2.41679e-02	2.78319e-08
1.76386e+04	-4.50000e+01	3.03990e+00	7.13063e-02	2.34568e-02	2.00294e-08
1.25990e+04	-4.50000e+01	3.05479e+00	6.95661e-02	2.27728e-02	1.44106e-08
8.99928e+03	-4.50000e+01	3.07098e+00	6.80333e-02	2.21536e-02	1.03740e-08
6.42805e+03	-4.50000e+01	3.08380e+00	6.66663e-02	2.16183e-02	7.45566e-09
4.59147e+03	-4.50000e+01	3.09679e+00	6.54330e-02	2.11293e-02	5.35855e-09
3.27962e+03	-4.50000e+01	3.11250e+00	6.41837e-02	2.06212e-02	3.85612e-09
2.34258e+03	-4.50000e+01	3.12540e+00	6.33490e-02	2.02690e-02	2.77114e-09
1.67328e+03	-4.50000e+01	3.13813e+00	6.25528e-02	1.99331e-02	1.99121e-09
1.19520e+03	-4.50000e+01	3.15139e+00	6.25922e-02	1.98618e-02	1.43111e-09
8.53712e+02	-4.50000e+01	3.16425e+00	6.07380e-02	1.91951e-02	1.02830e-09
6.09794e+02	-4.50000e+01	3.17751e+00	5.94496e-02	1.87095e-02	7.38984e-10
4.35567e+02	-4.50000e+01	3.19076e+00	5.79417e-02	1.81592e-02	5.31045e-10
3.11119e+02	-4.50000e+01	3.20346e+00	5.59520e-02	1.74661e-02	3.81506e-10
2.22228e+02	-4.50000e+01	3.21545e+00	5.36477e-02	1.66843e-02	2.73980e-10
1.58734e+02	-4.50000e+01	3.22717e+00	5.11083e-02	1.58369e-02	1.96729e-10
1.13382e+02	-4.50000e+01	3.23816e+00	4.83894e-02	1.49435e-02	1.41210e-10
8.09869e+01	-4.50000e+01	3.24786e+00	4.56982e-02	1.40702e-02	1.01299e-10
5.78478e+01	-4.50000e+01	3.25717e+00	4.26216e-02	1.30855e-02	7.26536e-11
4.13199e+01	-4.50000e+01	3.26572e+00	3.94116e-02	1.20683e-02	5.20907e-11
2.95142e+01	-4.50000e+01	3.27365e+00	3.67048e-02	1.12122e-02	3.73371e-11
2.10816e+01	-4.50000e+01	3.28089e+00	3.41679e-02	1.04142e-02	2.67538e-11
1.50583e+01	-4.50000e+01	3.28760e+00	3.19535e-02	9.71940e-03	1.91658e-11
1.07559e+01	-4.50000e+01	3.29387e+00	2.96204e-02	8.99258e-03	1.37272e-11
7.68279e+00	-4.50000e+01	3.29855e+00	2.72260e-02	8.25393e-03	9.82501e-12
5.48770e+00	-4.50000e+01	3.30521e+00	2.65557e-02	8.03452e-03	7.03815e-12
3.91979e+00	-4.50000e+01	3.31095e+00	2.53362e-02	7.65224e-03	5.03975e-12
2.79985e+00	-4.50000e+01	3.31573e+00	2.43803e-02	7.35292e-03	3.60725e-12
1.99989e+00	-4.50000e+01	3.32113e+00	2.41461e-02	7.27044e-03	2.58261e-12
1.42850e+00	-4.50000e+01	3.32553e+00	2.34262e-02	7.04434e-03	1.84821e-12
1.02035e+00	-4.50000e+01	3.33048e+00	2.26823e-02	6.81053e-03	1.32295e-12
7.28824e-01	-4.50000e+01	3.33449e+00	2.20678e-02	6.61805e-03	9.46593e-13
5.20588e-01	-4.50000e+01	3.33939e+00	2.13316e-02	6.38787e-03	6.77555e-13
5.00000e-01	-4.50000e+01	3.34022e+00	2.14904e-02	6.43383e-03	6.50990e-13
1.00000e+06	-4.00000e+01	2.87449e+00	7.30761e-02	2.54223e-02	1.04362e-06
7.14286e+05	-4.00000e+01	2.89252e+00	7.45593e-02	2.57766e-02	7.52624e-07
5.10204e+05	-4.00000e+01	2.91009e+00	7.72822e-02	2.65566e-02	5.42603e-07
3.64432e+05	-4.00000e+01	2.92836e+00	7.97396e-02	2.72301e-02	3.91296e-07
2.60308e+05	-4.00000e+01	2.94825e+00	8.11482e-02	2.75242e-02	2.82383e-07
1.85934e+05	-4.00000e+01	2.96382e+00	8.07655e-02	2.72505e-02	2.03309e-07
1.32810e+05	-4.00000e+01	2.98173e+00	8.06335e-02	2.70426e-02	1.46543e-07
9.48645e+04	-4.00000e+01	3.00153e+00	7.97400e-02	2.65665e-02	1.05716e-07
6.77604e+04	-4.00000e+01	3.01720e+00	7.89300e-02	2.61600e-02	7.61002e-08
4.84003e+04	-4.00000e+01	3.03377e+00	7.66836e-02	2.52767e-02	5.48008e-08
3.45716e+04	-4.00000e+01	3.05226e+00	7.49694e-02	2.45619e-02	3.94976e-08
2.46940e+04	-4.00000e+01	3.06679e+00	7.29500e-02	2.37871e-02	2.84110e-08
1.76386e+04	-4.00000e+01	3.08195e+00	7.10428e-02	2.30513e-02	2.04416e-08
1.25990e+04	-4.00000e+01	3.09665e+00	6.92887e-02	2.23754e-02	1.47037e-08
8.99928e+03	-4.00000e+01	3.11272e+00	6.77078e-02	2.17519e-02	1.05828e-08
6.42805e+03	-4.00000e+01	3.12544e+00	6.63780e-02	2.12380e-02	7.60447e-09
4.59147e+03	-4.00000e+01	3.13830e+00	6.51686e-02	2.07656e-02	5.46450e-09
3.27962e+03	-4.00000e+01	3.15422e+00	6.37625e-02	2.02150e-02	3.93217e-09
2.34258e+03	-4.00000e+01	3.16717e+00	6.26736e-02	1.97885e-02	2.82552e-09
1.67328e+03	-4.00000e+01	3.17985e+00	6.15501e-02	1.93563e-02	2.03000e-09
1.19520e+03	-4.00000e+01	3.19298e+00	6.10535e-02	1.91212e-02	1.45872e-09
8.53712e+02	-4.00000e+01	3.20557e+00	5.84987e-02	1.82491e-02	1.04788e-09
6.09794e+02	-4.00000e+01	3.21818e+00	5.64962e-02	1.75553e-02	7.52749e-10
4.35567e+02	-4.00000e+01	3.23076e+00	5.42096e-02	1.67792e-02	5.40710e-10
3.11119e+02	-4.00000e+01	3.24231e+00	5.14486e-02	1.58679e-02	3.88210e-10
2.22228e+02	-4.00000e+01	3.25323e+00	4.83773e-02	1.48706e-02	2.78633e-10
1.58734e+02	-4.00000e+01	3.26325e+00	4.57164e-02	1.40095e-02	1.99904e-10
1.13382e+02	-4.00000e+01	3.27248e+00	4.23396e-02	1.29381e-02	1.43366e-10
8.09869e+01	-4.00000e+01	3.28068e+00	3.98031e-02	1.21326e-02	1.02772e-10
5.78478e+01	-4.00000e+01	3.28834e+00	3.71104e-02	1.12854e-02	7.36537e-11
4.13199e+01	-4.00000e+01	3.29578e+00	3.44878e-02	1.04642e-02	5.27798e-11
2.95142e+01	-4.00000e+01	3.30238e+00	3.20130e-02	9.69391e-03	3.78076e-11
2.10816e+01	-4.00000e+01	3.30893e+00	3.02462e-02	9.14078e-03	2.70820e-11
1.50583e+01	-4.00000e+01	3.31502e+00	2.85500e-02	8.61230e-03	1.93951e-11
1.07559e+01	-4.00000e+01	3.31969e+00	2.68270e-02	8.08116e-03	1.38815e-11
7.68279e+00	-4.00000e+01	3.32555e+00	2.58405e-02	7.77030e-03	9.94031e-12
5.48770e+00	-4.00000e+01	3.33098e+00	2.45481e-02	7.36963e-03	7.11677e-12
3.91979e+00	-4.00000e+01	3.33586e+00	2.36872e-02	7.10077e-03	5.09402e-12
2.79985e+00	-4.00000e+01	3.34045e+00	2.24162e-02	6.71052e-03	3.64572e-12
1.99989e+00	-4.00000e+01	3.34540e+00	2.17641e-02	6.50569e-03	2.60958e-12
1.42850e+00	-4.00000e+01	3.34975e+00	2.15569e-02	6.43537e-03	1.86745e-12
1.02035e+00	-4.00000e+01	3.35424e+00	2.15610e-02	6.42798e-03	1.33644e-12
7.28824e-01	-4.00000e+01	3.35746e+00	2.15746e-02	6.42588e-03	9.55902e-13
5.20588e-01	-4.00000e+01	3.36279e+00	2.16189e-02	6.42887e-03	6.84332e-13
5.00000e-01	-4.00000e+01	3.36393e+00	2.08272e-02	6.19133e-03	6.57582e-13
1.00000e+06	-3.50000e+01	2.90675e+00	7.83048e-02	2.69389e-02	1.06167e-06
7.14286e+05	-3.50000e+01	2.92601e+00	7.92741e-02	2.70929e-02	7.65999e-07
5.10204e+05	-3.50000e+01	2.94463e+00	8.13581e-02	2.76293e-02	5.52446e-07
3.64432e+05	-3.50000e+01	2.96388e+00	8.31488e-02	2.80540e-02	3.98520e-07
2.60308e+05	-3.50000e+01	2.98447e+00	8.38448e-02	2.80937e-02	2.87640e-07
1.85934e+05	-3.50000e+01	3.00048e+00	8.27189e-02	2.75686e-02	2.07106e-07
1.32810e+05	-3.50000e+01	3.01864e+00	8.18058e-02	2.71002e-02	1.49271e-07
9.48645e+04	-3.50000e+01	3.03851e+00	8.03467e-02	2.64428e-02	1.07667e-07
6.77604e+04	-3.50000e+01	3.05400e+00	7.89631e-02	2.58557e-02	7.74863e-08
4.84003e+04	-3.50000e+01	3.07039e+00	7.64066e-02	2.48849e-02	5.57861e-08
3.45716e+04	-3.50000e+01	3.08857e+00	7.44176e-02	2.40945e-02	4.01952e-08
2.46940e+04	-3.50000e+01	3.10275e+00	7.22684e-02	2.32917e-02	2.89045e-08
1.76386e+04	-3.50000e+01	3.11768e+00	7.02870e-02	2.25447e-02	2.07918e-08
1.25990e+04	-3.50000e+01	3.13224e+00	6.85200e-02	2.18757e-02	1.49529e-08
8.99928e+03	-3.50000e+01	3.14829e+00	6.69044e-02	2.12510e-02	1.07607e-08
6.42805e+03	-3.50000e+01	3.16087e+00	6.55175e-02	2.07277e-02	7.73102e-09
4.59147e+03	-3.50000e+01	3.17413e+00	6.37594e-02	2.00872e-02	5.55588e-09
3.27962e+03	-3.50000e+01	3.18938e+00	6.24693e-02	1.95866e-02	3.99623e-09
2.34258e+03	-3.50000e+01	3.20221e+00	6.09538e-02	1.90349e-02	2.87110e-09
1.67328e+03	-3.50000e+01	3.21443e+00	5.91705e-02	1.84078e-02	2.06212e-09
1.19520e+03	-3.50000e+01	3.22711e+00	5.80736e-02	1.79955e-02	1.48135e-09
8.53712e+02	-3.50000e+01	3.23892e+00	5.48272e-02	1.69276e-02	1.06368e-09
6.09794e+02	-3.50000e+01	3.25064e+00	5.22520e-02	1.60744e-02	7.63723e-10
4.35567e+02	-3.50000e+01	3.26199e+00	4.94115e-02	1.51477e-02	5.48249e-10
3.11119e+02	-3.50000e+01	3.27228e+00	4.61339e-02	1.40984e-02	3.93377e-10
2.22228e+02	-3.50000e+01	3.28180e+00	4.30987e-02	1.31326e-02	2.82152e-10
1.58734e+02	-3.50000e+01	3.29028e+00	4.02980e-02	1.22476e-02	2.02281e-10
1.13382e+02	-3.50000e+01	3.29807e+00	3.73827e-02	1.13347e-02	1.44975e-10
8.09869e+01	-3.50000e+01	3.30501e+00	3.48824e-02	1.05544e-02	1.03864e-10
5.78478e+01	-3.50000e+01	3.31179e+00	3.25672e-02	9.83370e-03	7.44060e-11
4.13199e+01	-3.50000e+01	3.31816e+00	3.04927e-02	9.18963e-03	5.32930e-11
2.95142e+01	-3.50000e+01	3.32399e+00	2.87972e-02	8.66343e-03	3.81617e-11
2.10816e+01	-3.50000e+01	3.32973e+00	2.74265e-02	8.23687e-03	2.73255e-11
1.50583e+01	-3.50000e+01	3.33461e+00	2.59757e-02	7.78971e-03	1.95590e-11
1.07559e+01	-3.50000e+01	3.34031e+00	2.47382e-02	7.40595e-03	1.40047e-11
7.68279e+00	-3.50000e+01	3.34527e+00	2.41616e-02	7.22263e-03	1.00245e-11
5.48770e+00	-3.50000e+01	3.34960e+00	2.23251e-02	6.66501e-03	7.17355e-12
3.91979e+00	-3.50000e+01	3.35494e+00	2.24633e-02	6.69561e-03	5.13560e-12
2.79985e+00	-3.50000e+01	3.35991e+00	2.16467e-02	6.44265e-03	3.67602e-12
1.99989e+00	-3.50000e+01	3.36422e+00	2.10739e-02	6.26412e-03	2.63052e-12
1.42850e+00	-3.50000e+01	3.36870e+00	2.13074e-02	6.32512e-03	1.88250e-12
1.02035e+00	-3.50000e+01	3.37247e+00	1.98387e-02	5.88256e-03	1.34677e-12
7.28824e-01	-3.50000e+01	3.37691e+00	2.11805e-02	6.27216e-03	9.63788e-13
5.20588e-01	-3.50000e+01	3.38126e+00	2.12991e-02	6.29917e-03	6.89680e-13
5.00000e-01	-3.50000e+01	3.38133e+00	2.09561e-02	6.19758e-03	6.62424e-13
1.00000e+06	-3.00000e+01	2.93779e+00	8.26511e-02	2.81337e-02	1.07902e-06
7.14286e+05	-3.00000e+01	2.95803e+00	8.30011e-02	2.80595e-02	7.78774e-07
5.10204e+05	-3.00000e+01	2.97748e+00	8.43749e-02	2.83377e-02	5.61797e-07
3.64432e+05	-3.00000e+01	2.99731e+00	8.54131e-02	2.84965e-02	4.05311e-07
2.60308e+05	-3.00000e+01	3.01828e+00	8.53453e-02	2.82762e-02	2.92540e-07
1.85934e+05	-3.00000e+01	3.03440e+00	8.34886e-02	2.75140e-02	2.10616e-07
1.32810e+05	-3.00000e+01	3.05252e+00	8.19817e-02	2.68571e-02	1.51773e-07
9.48645e+04	-3.00000e+01	3.07225e+00	8.00247e-02	2.60476e-02	1.09446e-07
6.77604e+04	-3.00000e+01	3.08743e+00	7.83392e-02	2.53736e-02	7.87448e-08
4.84003e+04	-3.00000e+01	3.10345e+00	7.55003e-02	2.43279e-02	5.66746e-08
3.45716e+04	-3.00000e+01	3.12136e+00	7.33774e-02	2.35081e-02	4.08247e-08
2.46940e+04	-3.00000e+01	3.13593e+00	7.12706e-02	2.27271e-02	2.93596e-08
1.76386e+04	-3.00000e+01	3.14988e+00	6.91491e-02	2.19529e-02	2.11073e-08
1.25990e+04	-3.00000e+01	3.16416e+00	6.73832e-02	2.12957e-02	1.51763e-08
8.99928e+03	-3.00000e+01	3.18007e+00	6.56587e-02	2.06469e-02	1.09196e-08
6.42805e+03	-3.00000e+01	3.19250e+00	6.40317e-02	2.00569e-02	7.84393e-09
4.59147e+03	-3.00000e+01	3.20541e+00	6.16820e-02	1.92431e-02	5.63559e-09
3.27962e+03	-3.00000e+01	3.22053e+00	6.01058e-02	1.86633e-02	4.05292e-09
2.34258e+03	-3.00000e+01	3.23296e+00	5.80729e-02	1.79628e-02	2.91107e-09
1.67328e+03	-3.00000e+01	3.24451e+00	5.57891e-02	1.71949e-02	2.09003e-09
1.19520e+03	-3.00000e+01	3.25622e+00	5.41321e-02	1.66242e-02	1.50063e-09
8.53712e+02	-3.00000e+01	3.26702e+00	5.03202e-02	1.54025e-02	1.07697e-09
6.09794e+02	-3.00000e+01	3.27752e+00	4.72510e-02	1.44167e-02	7.72802e-10
4.35567e+02	-3.00000e+01	3.28754e+00	4.42946e-02	1.34735e-02	5.54414e-10
3.11119e+02	-3.00000e+01	3.29643e+00	4.11550e-02	1.24847e-02	3.97539e-10
2.22228e+02	-3.00000e+01	3.30459e+00	3.81692e-02	1.15504e-02	2.84959e-10
1.58734e+02	-3.00000e+01	3.31205e+00	3.52942e-02	1.06563e-02	2.04197e-10
1.13382e+02	-3.00000e+01	3.31888e+00	3.31093e-02	9.97604e-03	1.46283e-10
8.09869e+01	-3.00000e+01	3.32470e+00	3.10889e-02	9.35086e-03	1.04749e-10
5.78478e+01	-3.00000e+01	3.33067e+00	2.94931e-02	8.85500e-03	7.50122e-11
4.13199e+01	-3.00000e+01	3.33656e+00	2.79589e-02	8.37955e-03	5.37150e-11
2.95142e+01	-3.00000e+01	3.34178e+00	2.67667e-02	8.00972e-03	3.84534e-11
2.10816e+01	-3.00000e+01	3.34732e+00	2.55349e-02	7.62846e-03	2.75315e-11
1.50583e+01	-3.00000e+01	3.35230e+00	2.48230e-02	7.40477e-03	1.97070e-11
1.07559e+01	-3.00000e+01	3.35774e+00	2.42459e-02	7.22090e-03	1.41090e-11
7.68279e+00	-3.00000e+01	3.36219e+00	2.31530e-02	6.88629e-03	1.00968e-11
5.48770e+00	-3.00000e+01	3.36622e+00	2.13113e-02	6.33093e-03	7.22426e-12
3.91979e+00	-3.00000e+01	3.37265e+00	2.14428e-02	6.35784e-03	5.17420e-12
2.79985e+00	-3.00000e+01	3.37664e+00	2.04868e-02	6.06721e-03	3.70205e-12
1.99989e+00	-3.00000e+01	3.38049e+00	2.05972e-02	6.09297e-03	2.64861e-12
1.42850e+00	-3.00000e+01	3.38512e+00	2.02962e-02	5.99570e-03	1.89555e-12
1.02035e+00	-3.00000e+01	3.38899e+00	2.08349e-02	6.14781e-03	1.35616e-12
7.28824e-01	-3.00000e+01	3.39237e+00	2.07773e-02	6.12472e-03	9.70056e-13
5.20588e-01	-3.00000e+01	3.39706e+00	2.04768e-02	6.02781e-03	6.94255e-13
5.00000e-01	-3.00000e+01	3.39745e+00	2.11998e-02	6.23990e-03	6.66908e-13
1.00000e+06	-2.50000e+01	2.96819e+00	8.61654e-02	2.90296e-02	1.09600e-06
7.14286e+05	-2.50000e+01	2.98918e+00	8.57913e-02	2.87006e-02	7.91186e-07
5.10204e+05	-2.50000e+01	3.00919e+00	8.63670e-02	2.87011e-02	5.70814e-07
3.64432e+05	-2.50000e+01	3.02940e+00	8.67074e-02	2.86220e-02	4.11821e-07
2.60308e+05	-2.50000e+01	3.05043e+00	8.58481e-02	2.81429e-02	2.97196e-07
1.85934e+05	-2.50000e+01	3.06647e+00	8.34283e-02	2.72066e-02	2.13930e-07
1.32810e+05	-2.50000e+01	3.08431e+00	8.13920e-02	2.63891e-02	1.54118e-07
9.48645e+04	-2.50000e+01	3.10365e+00	7.91014e-02	2.54865e-02	1.11100e-07
6.77604e+04	-2.50000e+01	3.11838e+00	7.71258e-02	2.47327e-02	7.99090e-08
4.84003e+04	-2.50000e+01	3.13409e+00	7.42275e-02	2.36839e-02	5.74979e-08
3.45716e+04	-2.50000e+01	3.15166e+00	7.20485e-02	2.28605e-02	4.14062e-08
2.46940e+04	-2.50000e+01	3.16597e+00	6.98828e-02	2.20731e-02	2.97714e-08
1.76386e+04	-2.50000e+01	3.17962e+00	6.77474e-02	2.13067e-02	2.13985e-08
1.25990e+04	-2.50000e+01	3.19374e+00	6.57346e-02	2.05824e-02	1.53831e-08
8.99928e+03	-2.50000e+01	3.20943e+00	6.37579e-02	1.98658e-02	1.10662e-08
6.42805e+03	-2.50000e+01	3.22143e+00	6.17866e-02	1.91799e-02	7.94711e-09
4.59147e+03	-2.50000e+01	3.23348e+00	5.92803e-02	1.83333e-02	5.70710e-09
3.27962e+03	-2.50000e+01	3.24850e+00	5.69955e-02	1.75452e-02	4.10378e-09
2.34258e+03	-2.50000e+01	3.26009e+00	5.44037e-02	1.66878e-02	2.94629e-09
1.67328e+03	-2.50000e+01	3.27069e+00	5.15376e-02	1.57574e-02	2.11430e-09
1.19520e+03	-2.50000e+01	3.28135e+00	4.95489e-02	1.51002e-02	1.51727e-09
8.53712e+02	-2.50000e+01	3.29093e+00	4.55567e-02	1.38431e-02	1.08827e-09
6.09794e+02	-2.50000e+01	3.30008e+00	4.23474e-02	1.28322e-02	7.80421e-10
4.35567e+02	-2.50000e+01	3.30880e+00	3.96429e-02	1.19810e-02	5.59545e-10
3.11119e+02	-2.50000e+01	3.31657e+00	3.66583e-02	1.10531e-02	4.01011e-10
2.22228e+02	-2.50000e+01	3.32367e+00	3.42362e-02	1.03007e-02	2.87309e-10
1.58734e+02	-2.50000e+01	3.32999e+00	3.19855e-02	9.60527e-03	2.05777e-10
1.13382e+02	-2.50000e+01	3.33643e+00	3.00982e-02	9.02108e-03	1.47388e-10
8.09869e+01	-2.50000e+01	3.34168e+00	2.85257e-02	8.53635e-03	1.05512e-10
5.78478e+01	-2.50000e+01	3.34713e+00	2.71137e-02	8.10059e-03	7.55409e-11
4.13199e+01	-2.50000e+01	3.35223e+00	2.60734e-02	7.77792e-03	5.40747e-11
2.95142e+01	-2.50000e+01	3.35757e+00	2.52479e-02	7.51971e-03	3.87123e-11
2.10816e+01	-2.50000e+01	3.36244e+00	2.42702e-02	7.21802e-03	2.77087e-11
1.50583e+01	-2.50000e+01	3.36766e+00	2.41686e-02	7.17668e-03	1.98356e-11
1.07559e+01	-2.50000e+01	3.37215e+00	2.33456e-02	6.92306e-03	1.41951e-11
7.68279e+00	-2.50000e+01	3.37719e+00	2.25166e-02	6.66728e-03	1.01609e-11
5.48770e+00	-2.50000e+01	3.38212e+00	2.23752e-02	6.61573e-03	7.27281e-12
3.91979e+00	-2.50000e+01	3.38717e+00	2.13832e-02	6.31299e-03	5.20587e-12
2.79985e+00	-2.50000e+01	3.39176e+00	2.13136e-02	6.28394e-03	3.72561e-12
1.99989e+00	-2.50000e+01	3.39640e+00	2.05895e-02	6.06215e-03	2.66631e-12
1.42850e+00	-2.50000e+01	3.39971e+00	2.00101e-02	5.88582e-03	1.90714e-12
1.02035e+00	-2.50000e+01	3.40378e+00	2.00490e-02	5.89022e-03	1.36455e-12
7.28824e-01	-2.50000e+01	3.40717e+00	2.11149e-02	6.19721e-03	9.76056e-13
5.20588e-01	-2.50000e+01	3.41154e+00	2.12568e-02	6.23083e-03	6.98451e-13
5.00000e-01	-2.50000e+01	3.41195e+00	2.16341e-02	6.34069e-03	6.70941e-13
1.00000e+06	-2.00000e+01	2.99824e+00	8.88358e-02	2.96293e-02	1.11277e-06
7.14286e+05	-2.00000e+01	3.01977e+00	8.76499e-02	2.90253e-02	8.03364e-07
5.10204e+05	-2.00000e+01	3.04007e+00	8.74601e-02	2.87691e-02	5.79585e-07
3.64432e+05	-2.00000e+01	3.06032e+00	8.69973e-02	2.84275e-02	4.18087e-07
2.60308e+05	-2.00000e+01	3.08118e+00	8.55767e-02	2.77740e-02	3.01643e-07
1.85934e+05	-2.00000e+01	3.09683e+00	8.25941e-02	2.66706e-02	2.17064e-07
1.32810e+05	-2.00000e+01	3.11434e+00	8.02290e-02	2.57612e-02	1.56332e-07
9.48645e+04	-2.00000e+01	3.13328e+00	7.76875e-02	2.47943e-02	1.12660e-07
6.77604e+04	-2.00000e+01	3.14761e+00	7.55751e-02	2.40103e-02	8.10083e-08
4.84003e+04	-2.00000e+01	3.16286e+00	7.25998e-02	2.29538e-02	5.82706e-08
3.45716e+04	-2.00000e+01	3.18012e+00	7.03505e-02	2.21219e-02	4.19523e-08
2.46940e+04	-2.00000e+01	3.19414e+00	6.81076e-02	2.13227e-02	3.01574e-08
1.76386e+04	-2.00000e+01	3.20745e+00	6.58094e-02	2.05177e-02	2.16709e-08
1.25990e+04	-2.00000e+01	3.22125e+00	6.35547e-02	1.97299e-02	1.55754e-08
8.99928e+03	-2.00000e+01	3.23651e+00	6.12546e-02	1.89261e-02	1.12013e-08
6.42805e+03	-2.00000e+01	3.24805e+00	5.88062e-02	1.81051e-02	8.04197e-09
4.59147e+03	-2.00000e+01	3.25990e+00	5.56904e-02	1.70835e-02	5.77433e-09
3.27962e+03	-2.00000e+01	3.27353e+00	5.30569e-02	1.62078e-02	4.14927e-09
2.34258e+03	-2.00000e+01	3.28407e+00	5.01444e-02	1.52690e-02	2.97741e-09
1.67328e+03	-2.00000e+01	3.29358e+00	4.69500e-02	1.42550e-02	2.13551e-09
1.19520e+03	-2.00000e+01	3.30301e+00	4.49097e-02	1.35966e-02	1.53160e-09
8.53712e+02	-2.00000e+01	3.31136e+00	4.09292e-02	1.23602e-02	1.09793e-09
6.09794e+02	-2.00000e+01	3.31938e+00	3.80812e-02	1.14724e-02	7.86944e-10
4.35567e+02	-2.00000e+01	3.32713e+00	3.55690e-02	1.06906e-02	5.63970e-10
3.11119e+02	-2.00000e+01	3.33394e+00	3.30574e-02	9.91540e-03	4.04008e-10
2.22228e+02	-2.00000e+01	3.34029e+00	3.08497e-02	9.23564e-03	2.89358e-10
1.58734e+02	-2.00000e+01	3.34603e+00	2.93353e-02	8.76720e-03	2.07189e-10
1.13382e+02	-2.00000e+01	3.35171e+00	2.77128e-02	8.26826e-03	1.48349e-10
8.09869e+01	-2.00000e+01	3.35646e+00	2.67685e-02	7.97522e-03	1.06177e-10
5.78478e+01	-2.00000e+01	3.36172e+00	2.58910e-02	7.70171e-03	7.60099e-11
4.13199e+01	-2.00000e+01	3.36697e+00	2.48139e-02	7.36980e-03	5.44132e-11
2.95142e+01	-2.00000e+01	3.37164e+00	2.41334e-02	7.15777e-03	3.89431e-11
2.10816e+01	-2.00000e+01	3.37712e+00	2.36141e-02	6.99238e-03	2.78808e-11
1.50583e+01	-2.00000e+01	3.38181e+00	2.32573e-02	6.87717e-03	1.99541e-11
1.07559e+01	-2.00000e+01	3.38652e+00	2.28406e-02	6.74456e-03	1.42811e-11
7.68279e+00	-2.00000e+01	3.39130e+00	2.27439e-02	6.70653e-03	1.02212e-11
5.48770e+00	-2.00000e+01	3.39511e+00	2.21904e-02	6.53599e-03	7.31247e-12
3.91979e+00	-2.00000e+01	3.40108e+00	2.12413e-02	6.24546e-03	5.23618e-12
2.79985e+00	-2.00000e+01	3.40620e+00	2.11997e-02	6.22386e-03	3.74811e-12
1.99989e+00	-2.00000e+01	3.41009e+00	1.97659e-02	5.79629e-03	2.68154e-12
1.42850e+00	-2.00000e+01	3.41362e+00	2.09097e-02	6.12537e-03	1.91820e-12
1.02035e+00	-2.00000e+01	3.41862e+00	2.08195e-02	6.09004e-03	1.37298e-12
7.28824e-01	-2.00000e+01	3.42096e+00	2.16235e-02	6.32088e-03	9.81650e-13
5.20588e-01	-2.00000e+01	3.42582e+00	2.11855e-02	6.18405e-03	7.02586e-13
5.00000e-01	-2.00000e+01	3.42645e+00	2.19671e-02	6.41105e-03	6.74975e-13
1.00000e+06	-1.50000e+01	3.02802e+00	9.05853e-02	2.99157e-02	1.12936e-06
7.14286e+05	-1.50000e+01	3.04979e+00	8.85636e-02	2.90393e-02	8.15296e-07
5.10204e+05	-1.50000e+01	3.07012e+00	8.76230e-02	2.85406e-02	5.88108e-07
3.64432e+05	-1.50000e+01	3.09015e+00	8.65260e-02	2.80005e-02	4.24126e-07
2.60308e+05	-1.50000e+01	3.11075e+00	8.45340e-02	2.71748e-02	3.05916e-07
1.85934e+05	-1.50000e+01	3.12590e+00	8.12449e-02	2.59909e-02	2.20064e-07
1.32810e+05	-1.50000e+01	3.14296e+00	7.86430e-02	2.50219e-02	1.58441e-07
9.48645e+04	-1.50000e+01	3.16142e+00	7.59058e-02	2.40101e-02	1.14140e-07
6.77604e+04	-1.50000e+01	3.17530e+00	7.37669e-02	2.32315e-02	8.20489e-08
4.84003e+04	-1.50000e+01	3.19016e+00	7.06767e-02	2.21546e-02	5.90037e-08
3.45716e+04	-1.50000e+01	3.20706e+00	6.83610e-02	2.13158e-02	4.24689e-08
2.46940e+04	-1.50000e+01	3.22069e+00	6.58955e-02	2.04601e-02	3.05211e-08
1.76386e+04	-1.50000e+01	3.23356e+00	6.33599e-02	1.95945e-02	2.19263e-08
1.25990e+04	-1.50000e+01	3.24686e+00	6.07471e-02	1.87095e-02	1.57543e-08
8.99928e+03	-1.50000e+01	3.26155e+00	5.80656e-02	1.78030e-02	1.13263e-08
6.42805e+03	-1.50000e+01	3.27232e+00	5.52199e-02	1.68748e-02	8.12842e-09
4.59147e+03	-1.50000e+01	3.28304e+00	5.16240e-02	1.57244e-02	5.83318e-09
3.27962e+03	-1.50000e+01	3.29598e+00	4.88577e-02	1.48234e-02	4.19004e-09
2.34258e+03	-1.50000e+01	3.30536e+00	4.57468e-02	1.38402e-02	3.00504e-09
1.67328e+03	-1.50000e+01	3.31369e+00	4.25568e-02	1.28427e-02	2.15414e-09
1.19520e+03	-1.50000e+01	3.32201e+00	4.07003e-02	1.22517e-02	1.54419e-09
8.53712e+02	-1.50000e+01	3.32931e+00	3.69528e-02	1.10992e-02	1.10643e-09
6.09794e+02	-1.50000e+01	3.33639e+00	3.45684e-02	1.03610e-02	7.92694e-10
4.35567e+02	-1.50000e+01	3.34332e+00	3.24154e-02	9.69558e-03	5.67880e-10
3.11119e+02	-1.50000e+01	3.34959e+00	3.03271e-02	9.05399e-03	4.06709e-10
2.22228e+02	-1.50000e+01	3.35536e+00	2.87651e-02	8.57290e-03	2.91217e-10
1.58734e+02	-1.50000e+01	3.36114e+00	2.72549e-02	8.10882e-03	2.08522e-10
1.13382e+02	-1.50000e+01	3.36622e+00	2.62521e-02	7.79868e-03	1.49264e-10
8.09869e+01	-1.50000e+01	3.37064e+00	2.50660e-02	7.43655e-03	1.06816e-10
5.78478e+01	-1.50000e+01	3.37589e+00	2.45338e-02	7.26735e-03	7.64657e-11
4.13199e+01	-1.50000e+01	3.38072e+00	2.40764e-02	7.12168e-03	5.47292e-11
2.95142e+01	-1.50000e+01	3.38539e+00	2.33463e-02	6.89619e-03	3.91688e-11
2.10816e+01	-1.50000e+01	3.39039e+00	2.27908e-02	6.72218e-03	2.80363e-11
1.50583e+01	-1.50000e+01	3.39518e+00	2.29821e-02	6.76906e-03	2.00660e-11
1.07559e+01	-1.50000e+01	3.40043e+00	2.24958e-02	6.61557e-03	1.43643e-11
7.68279e+00	-1.50000e+01	3.40311e+00	2.31576e-02	6.80483e-03	1.02717e-11
5.48770e+00	-1.50000e+01	3.40877e+00	2.19093e-02	6.42735e-03	7.35415e-12
3.91979e+00	-1.50000e+01	3.41355e+00	2.14418e-02	6.28138e-03	5.26340e-12
2.79985e+00	-1.50000e+01	3.41846e+00	2.05455e-02	6.01015e-03	3.76720e-12
1.99989e+00	-1.50000e+01	3.42232e+00	2.09328e-02	6.11656e-03	2.69515e-12
1.42850e+00	-1.50000e+01	3.42754e+00	2.16141e-02	6.30602e-03	1.92926e-12
1.02035e+00	-1.50000e+01	3.43141e+00	2.23119e-02	6.50226e-03	1.38024e-12
7.28824e-01	-1.50000e+01	3.43558e+00	2.18619e-02	6.36337e-03	9.87580e-13
5.20588e-01	-1.50000e+01	3.43958e+00	2.22604e-02	6.47184e-03	7.06574e-13
5.00000e-01	-1.50000e+01	3.44128e+00	2.21455e-02	6.43525e-03	6.79101e-13
1.00000e+06	-1.00000e+01	3.05740e+00	9.14046e-02	2.98961e-02	1.14572e-06
7.14286e+05	-1.00000e+01	3.07917e+00	8.86476e-02	2.87894e-02	8.26963e-07
5.10204e+05	-1.00000e+01	3.09928e+00	8.70247e-02	2.80790e-02	5.96370e-07
3.64432e+05	-1.00000e+01	3.11898e+00	8.53285e-02	2.73578e-02	4.29956e-07
2.60308e+05	-1.00000e+01	3.13910e+00	8.29985e-02	2.64402e-02	3.10009e-07
1.85934e+05	-1.00000e+01	3.15367e+00	7.94435e-02	2.51908e-02	2.22927e-07
1.32810e+05	-1.00000e+01	3.17025e+00	7.66747e-02	2.41857e-02	1.60450e-07
9.48645e+04	-1.00000e+01	3.18824e+00	7.38442e-02	2.31615e-02	1.15551e-07
6.77604e+04	-1.00000e+01	3.20161e+00	7.16600e-02	2.23825e-02	8.30378e-08
4.84003e+04	-1.00000e+01	3.21611e+00	6.84838e-02	2.12940e-02	5.97002e-08
3.45716e+04	-1.00000e+01	3.23257e+00	6.59681e-02	2.04073e-02	4.29579e-08
2.46940e+04	-1.00000e+01	3.24581e+00	6.32371e-02	1.94827e-02	3.08650e-08
1.76386e+04	-1.00000e+01	3.25815e+00	6.04324e-02	1.85481e-02	2.21667e-08
1.25990e+04	-1.00000e+01	3.27084e+00	5.74916e-02	1.75770e-02	1.59217e-08
8.99928e+03	-1.00000e+01	3.28472e+00	5.44309e-02	1.65710e-02	1.14417e-08
6.42805e+03	-1.00000e+01	3.29446e+00	5.13513e-02	1.55872e-02	8.20725e-09
4.59147e+03	-1.00000e+01	3.30448e+00	4.75790e-02	1.43983e-02	5.88770e-09
3.27962e+03	-1.00000e+01	3.31603e+00	4.46328e-02	1.34597e-02	4.22647e-09
2.34258e+03	-1.00000e+01	3.32439e+00	4.15993e-02	1.25134e-02	3.02973e-09
1.67328e+03	-1.00000e+01	3.33166e+00	3.86255e-02	1.15934e-02	2.17081e-09
1.19520e+03	-1.00000e+01	3.33905e+00	3.70822e-02	1.11056e-02	1.55547e-09
8.53712e+02	-1.00000e+01	3.34546e+00	3.38590e-02	1.01209e-02	1.11407e-09
6.09794e+02	-1.00000e+01	3.35199e+00	3.17009e-02	9.45733e-03	7.97971e-10
4.35567e+02	-1.00000e+01	3.35839e+00	3.00822e-02	8.95731e-03	5.71526e-10
3.11119e+02	-1.00000e+01	3.36412e+00	2.83134e-02	8.41629e-03	4.09220e-10
2.22228e+02	-1.00000e+01	3.36956e+00	2.71630e-02	8.06127e-03	2.92971e-10
1.58734e+02	-1.00000e+01	3.37466e+00	2.59985e-02	7.70405e-03	2.09714e-10
1.13382e+02	-1.00000e+01	3.38019e+00	2.52864e-02	7.48076e-03	1.50144e-10
8.09869e+01	-1.00000e+01	3.38454e+00	2.47308e-02	7.30699e-03	1.07442e-10
5.78478e+01	-1.00000e+01	3.38936e+00	2.42735e-02	7.16168e-03	7.68988e-11
4.13199e+01	-1.00000e+01	3.39415e+00	2.36259e-02	6.96075e-03	5.50378e-11
2.95142e+01	-1.00000e+01	3.39919e+00	2.33866e-02	6.88003e-03	3.93954e-11
2.10816e+01	-1.00000e+01	3.40407e+00	2.31819e-02	6.81004e-03	2.81968e-11
1.50583e+01	-1.00000e+01	3.40869e+00	2.31724e-02	6.79806e-03	2.01792e-11
1.07559e+01	-1.00000e+01	3.41379e+00	2.28213e-02	6.68504e-03	1.44442e-11
7.68279e+00	-1.00000e+01	3.41818e+00	2.26187e-02	6.61717e-03	1.03361e-11
5.48770e+00	-1.00000e+01	3.42294e+00	2.16559e-02	6.32671e-03	7.39742e-12
3.91979e+00	-1.00000e+01	3.42862e+00	2.17933e-02	6.35629e-03	5.29626e-12
2.79985e+00	-1.00000e+01	3.43288e+00	2.23739e-02	6.51751e-03	3.78969e-12
1.99989e+00	-1.00000e+01	3.43726e+00	2.19101e-02	6.37431e-03	2.71178e-12
1.42850e+00	-1.00000e+01	3.44245e+00	2.16842e-02	6.29907e-03	1.94111e-12
1.02035e+00	-1.00000e+01	3.44621e+00	2.31353e-02	6.71326e-03	1.38865e-12
7.28824e-01	-1.00000e+01	3.45015e+00	2.34045e-02	6.78362e-03	9.93493e-13
5.20588e-01	-1.00000e+01	3.45549e+00	2.37519e-02	6.87366e-03	7.11184e-13
5.00000e-01	-1.00000e+01	3.45588e+00	2.47368e-02	7.15788e-03	6.83168e-13
1.00000e+06	-5.00000e+00	3.08600e+00	9.14216e-02	2.96247e-02	1.16161e-06
7.14286e+05	-5.00000e+00	3.10757e+00	8.79466e-02	2.83008e-02	8.38225e-07
5.10204e+05	-5.00000e+00	3.12718e+00	8.56744e-02	2.73967e-02	6.04267e-07
3.64432e+05	-5.00000e+00	3.14640e+00	8.36968e-02	2.66008e-02	4.35498e-07
2.60308e+05	-5.00000e+00	3.16598e+00	8.10430e-02	2.55981e-02	3.13888e-07
1.85934e+05	-5.00000e+00	3.17997e+00	7.73453e-02	2.43226e-02	2.25639e-07
1.32810e+05	-5.00000e+00	3.19598e+00	7.45345e-02	2.33213e-02	1.62345e-07
9.48645e+04	-5.00000e+00	3.21356e+00	7.16612e-02	2.22996e-02	1.16883e-07
6.77604e+04	-5.00000e+00	3.22643e+00	6.93433e-02	2.14923e-02	8.39701e-08
4.84003e+04	-5.00000e+00	3.24048e+00	6.59663e-02	2.03570e-02	6.03539e-08
3.45716e+04	-5.00000e+00	3.25647e+00	6.32385e-02	1.94193e-02	4.34159e-08
2.46940e+04	-5.00000e+00	3.26912e+00	6.02762e-02	1.84381e-02	3.11839e-08
1.76386e+04	-5.00000e+00	3.28075e+00	5.71294e-02	1.74135e-02	2.23876e-08
1.25990e+04	-5.00000e+00	3.29258e+00	5.39233e-02	1.63772e-02	1.60734e-08
8.99928e+03	-5.00000e+00	3.30558e+00	5.05802e-02	1.53015e-02	1.15457e-08
6.42805e+03	-5.00000e+00	3.31445e+00	4.73574e-02	1.42882e-02	8.27841e-09
4.59147e+03	-5.00000e+00	3.32277e+00	4.37568e-02	1.31688e-02	5.93423e-09
3.27962e+03	-5.00000e+00	3.33395e+00	4.08457e-02	1.22515e-02	4.25903e-09
2.34258e+03	-5.00000e+00	3.34136e+00	3.80613e-02	1.13910e-02	3.05176e-09
1.67328e+03	-5.00000e+00	3.34767e+00	3.55367e-02	1.06153e-02	2.18567e-09
1.19520e+03	-5.00000e+00	3.35451e+00	3.43465e-02	1.02389e-02	1.56572e-09
8.53712e+02	-5.00000e+00	3.36035e+00	3.14467e-02	9.35815e-03	1.12113e-09
6.09794e+02	-5.00000e+00	3.36637e+00	2.97570e-02	8.83950e-03	8.02839e-10
4.35567e+02	-5.00000e+00	3.37255e+00	2.85159e-02	8.45530e-03	5.74950e-10
3.11119e+02	-5.00000e+00	3.37793e+00	2.71634e-02	8.04146e-03	4.11607e-10
2.22228e+02	-5.00000e+00	3.38337e+00	2.59930e-02	7.68258e-03	2.94677e-10
1.58734e+02	-5.00000e+00	3.38818e+00	2.52775e-02	7.46048e-03	2.10908e-10
1.13382e+02	-5.00000e+00	3.39347e+00	2.48301e-02	7.31702e-03	1.50981e-10
8.09869e+01	-5.00000e+00	3.39809e+00	2.43502e-02	7.16585e-03	1.08052e-10
5.78478e+01	-5.00000e+00	3.40309e+00	2.40976e-02	7.08110e-03	7.73407e-11
4.13199e+01	-5.00000e+00	3.40762e+00	2.36433e-02	6.93835e-03	5.53475e-11
2.95142e+01	-5.00000e+00	3.41256e+00	2.33760e-02	6.84999e-03	3.96149e-11
2.10816e+01	-5.00000e+00	3.41723e+00	2.32567e-02	6.80572e-03	2.83512e-11
1.50583e+01	-5.00000e+00	3.42225e+00	2.29424e-02	6.70390e-03	2.02928e-11
1.07559e+01	-5.00000e+00	3.42745e+00	2.33246e-02	6.80524e-03	1.45260e-11
7.68279e+00	-5.00000e+00	3.43199e+00	2.26879e-02	6.61071e-03	1.03951e-11
5.48770e+00	-5.00000e+00	3.43553e+00	2.22721e-02	6.48289e-03	7.43587e-12
3.91979e+00	-5.00000e+00	3.44193e+00	2.27948e-02	6.62269e-03	5.32529e-12
2.79985e+00	-5.00000e+00	3.44641e+00	2.27898e-02	6.61261e-03	3.81077e-12
1.99989e+00	-5.00000e+00	3.45143e+00	2.31852e-02	6.71756e-03	2.72756e-12
1.42850e+00	-5.00000e+00	3.45636e+00	2.38673e-02	6.90532e-03	1.95218e-12
1.02035e+00	-5.00000e+00	3.46201e+00	2.44663e-02	7.06709e-03	1.39762e-12
7.28824e-01	-5.00000e+00	3.46592e+00	2.53173e-02	7.30463e-03	9.99893e-13
5.20588e-01	-5.00000e+00	3.47129e+00	2.59382e-02	7.47222e-03	7.15767e-13
5.00000e-01	-5.00000e+00	3.47175e+00	2.42868e-02	6.99556e-03	6.87582e-13
1.00000e+06	0.00000e+00	3.11395e+00	9.06935e-02	2.91249e-02	1.17713e-06
7.14286e+05	0.00000e+00	3.13511e+00	8.66276e-02	2.76314e-02	8.49140e-07
5.10204e+05	0.00000e+00	3.15424e+00	8.39624e-02	2.66189e-02	6.11924e-07
3.64432e+05	0.00000e+00	3.17283e+00	8.16116e-02	2.57220e-02	4.40836e-07
2.60308e+05	0.00000e+00	3.19187e+00	7.88959e-02	2.47178e-02	3.17624e-07
1.85934e+05	0.00000e+00	3.20525e+00	7.50741e-02	2.34223e-02	2.28243e-07
1.32810e+05	0.00000e+00	3.22078e+00	7.21591e-02	2.24042e-02	1.64171e-07
9.48645e+04	0.00000e+00	3.23783e+00	6.91683e-02	2.13625e-02	1.18159e-07
6.77604e+04	0.00000e+00	3.25022e+00	6.66937e-02	2.05198e-02	8.48634e-08
4.84003e+04	0.00000e+00	3.26376e+00	6.31970e-02	1.93632e-02	6.09785e-08
3.45716e+04	0.00000e+00	3.27920e+00	6.02388e-02	1.83699e-02	4.38514e-08
2.46940e+04	0.00000e+00	3.29113e+00	5.70176e-02	1.73246e-02	3.14851e-08
1.76386e+04	0.00000e+00	3.30198e+00	5.35960e-02	1.62314e-02	2.25950e-08
1.25990e+04	0.00000e+00	3.31297e+00	5.02232e-02	1.51596e-02	1.62158e-08
8.99928e+03	0.00000e+00	3.32496e+00	4.69201e-02	1.41115e-02	1.16424e-08
6.42805e+03	0.00000e+00	3.33283e+00	4.36746e-02	1.31043e-02	8.34388e-09
4.59147e+03	0.00000e+00	3.34027e+00	4.02459e-02	1.20487e-02	5.97877e-09
3.27962e+03	0.00000e+00	3.35068e+00	3.77315e-02	1.12608e-02	4.28946e-09
2.34258e+03	0.00000e+00	3.35733e+00	3.51996e-02	1.04844e-02	3.07251e-09
1.67328e+03	0.00000e+00	3.36306e+00	3.31540e-02	9.85830e-03	2.19995e-09
1.19520e+03	0.00000e+00	3.36938e+00	3.23605e-02	9.60430e-03	1.57559e-09
8.53712e+02	0.00000e+00	3.37483e+00	2.98417e-02	8.84243e-03	1.12799e-09
6.09794e+02	0.00000e+00	3.38061e+00	2.85149e-02	8.43484e-03	8.07665e-10
4.35567e+02	0.00000e+00	3.38657e+00	2.75729e-02	8.14184e-03	5.78346e-10
3.11119e+02	0.00000e+00	3.39196e+00	2.64147e-02	7.78742e-03	4.14035e-10
2.22228e+02	0.00000e+00	3.39735e+00	2.56661e-02	7.55476e-03	2.96404e-10
1.58734e+02	0.00000e+00	3.40227e+00	2.50303e-02	7.35693e-03	2.12152e-10
1.13382e+02	0.00000e+00	3.40738e+00	2.47640e-02	7.26776e-03	1.51859e-10
8.09869e+01	0.00000e+00	3.41200e+00	2.43021e-02	7.12255e-03	1.08678e-10
5.78478e+01	0.00000e+00	3.41682e+00	2.42600e-02	7.10018e-03	7.77826e-11
4.13199e+01	0.00000e+00	3.42177e+00	2.38347e-02	6.96559e-03	5.56728e-11
2.95142e+01	0.00000e+00	3.42683e+00	2.36601e-02	6.90437e-03	3.98492e-11
2.10816e+01	0.00000e+00	3.43182e+00	2.36958e-02	6.90471e-03	2.85223e-11
1.50583e+01	0.00000e+00	3.43683e+00	2.34868e-02	6.83385e-03	2.04150e-11
1.07559e+01	0.00000e+00	3.44194e+00	2.38160e-02	6.91934e-03	1.46127e-11
7.68279e+00	0.00000e+00	3.44600e+00	2.39086e-02	6.93808e-03	1.04550e-11
5.48770e+00	0.00000e+00	3.44918e+00	2.38333e-02	6.90985e-03	7.47757e-12
3.91979e+00	0.00000e+00	3.45609e+00	2.38986e-02	6.91493e-03	5.35620e-12
2.79985e+00	0.00000e+00	3.46191e+00	2.45300e-02	7.08568e-03	3.83493e-12
1.99989e+00	0.00000e+00	3.46738e+00	2.47276e-02	7.13151e-03	2.74532e-12
1.42850e+00	0.00000e+00	3.47236e+00	2.52410e-02	7.26914e-03	1.96491e-12
1.02035e+00	0.00000e+00	3.47739e+00	2.61885e-02	7.53107e-03	1.40637e-12
7.28824e-01	0.00000e+00	3.48358e+00	2.74745e-02	7.88685e-03	1.00706e-12
5.20588e-01	0.00000e+00	3.48859e+00	2.71026e-02	7.76894e-03	7.20780e-13
5.00000e-01	0.00000e+00	3.48928e+00	2.72120e-02	7.79874e-03	6.92466e-13
1.00000e+06	5.00000e+00	3.14114e+00	8.93813e-02	2.84550e-02	1.19221e-06
7.14286e+05	5.00000e+00	3.16171e+00	8.48481e-02	2.68361e-02	8.59674e-07
5.10204e+05	5.00000e+00	3.18028e+00	8.18900e-02	2.57493e-02	6.19286e-07
3.64432e+05	5.00000e+00	3.19831e+00	7.94227e-02	2.48327e-02	4.45983e-07
2.60308e+05	5.00000e+00	3.21671e+00	7.65208e-02	2.37885e-02	3.21207e-07
1.85934e+05	5.00000e+00	3.22957e+00	7.26715e-02	2.25020e-02	2.30749e-07
1.32810e+05	5.00000e+00	3.24457e+00	6.96869e-02	2.14780e-02	1.65922e-07
9.48645e+04	5.00000e+00	3.26123e+00	6.66587e-02	2.04397e-02	1.19390e-07
6.77604e+04	5.00000e+00	3.27304e+00	6.40218e-02	1.95604e-02	8.57202e-08
4.84003e+04	5.00000e+00	3.28597e+00	6.02719e-02	1.83422e-02	6.15740e-08
3.45716e+04	5.00000e+00	3.30072e+00	5.70981e-02	1.72987e-02	4.42636e-08
2.46940e+04	5.00000e+00	3.31192e+00	5.37245e-02	1.62216e-02	3.17695e-08
1.76386e+04	5.00000e+00	3.32185e+00	5.02506e-02	1.51273e-02	2.27892e-08
1.25990e+04	5.00000e+00	3.33202e+00	4.67878e-02	1.40419e-02	1.63488e-08
8.99928e+03	5.00000e+00	3.34315e+00	4.35667e-02	1.30316e-02	1.17331e-08
6.42805e+03	5.00000e+00	3.35014e+00	4.06728e-02	1.21406e-02	8.40558e-09
4.59147e+03	5.00000e+00	3.35740e+00	3.79890e-02	1.13150e-02	6.02242e-09
3.27962e+03	5.00000e+00	3.36667e+00	3.52971e-02	1.04843e-02	4.31855e-09
2.34258e+03	5.00000e+00	3.37280e+00	3.33000e-02	9.87310e-03	3.09264e-09
1.67328e+03	5.00000e+00	3.37814e+00	3.13998e-02	9.29498e-03	2.21397e-09
1.19520e+03	5.00000e+00	3.38425e+00	3.11366e-02	9.20046e-03	1.58547e-09
8.53712e+02	5.00000e+00	3.38960e+00	2.89311e-02	8.53526e-03	1.13501e-09
6.09794e+02	5.00000e+00	3.39509e+00	2.78433e-02	8.20105e-03	8.12574e-10
4.35567e+02	5.00000e+00	3.40104e+00	2.72043e-02	7.99882e-03	5.81851e-10
3.11119e+02	5.00000e+00	3.40647e+00	2.64308e-02	7.75900e-03	4.16547e-10
2.22228e+02	5.00000e+00	3.41164e+00	2.58421e-02	7.57468e-03	2.98172e-10
1.58734e+02	5.00000e+00	3.41716e+00	2.54136e-02	7.43705e-03	2.13467e-10
1.13382e+02	5.00000e+00	3.42219e+00	2.52238e-02	7.37066e-03	1.52793e-10
8.09869e+01	5.00000e+00	3.42679e+00	2.48719e-02	7.25806e-03	1.09345e-10
5.78478e+01	5.00000e+00	3.43183e+00	2.48621e-02	7.24458e-03	7.82657e-11
4.13199e+01	5.00000e+00	3.43688e+00	2.46113e-02	7.16096e-03	5.60201e-11
2.95142e+01	5.00000e+00	3.44205e+00	2.45004e-02	7.11797e-03	4.00993e-11
2.10816e+01	5.00000e+00	3.44703e+00	2.45568e-02	7.12405e-03	2.87008e-11
1.50583e+01	5.00000e+00	3.45213e+00	2.50112e-02	7.24514e-03	2.05433e-11
1.07559e+01	5.00000e+00	3.45791e+00	2.54912e-02	7.37185e-03	1.47084e-11
7.68279e+00	5.00000e+00	3.46140e+00	2.61069e-02	7.54229e-03	1.05209e-11
5.48770e+00	5.00000e+00	3.46794e+00	2.59782e-02	7.49095e-03	7.53492e-12
3.91979e+00	5.00000e+00	3.47427e+00	2.62591e-02	7.55816e-03	5.39590e-12
2.79985e+00	5.00000e+00	3.47919e+00	2.69470e-02	7.74519e-03	3.86189e-12
1.99989e+00	5.00000e+00	3.48535e+00	2.79833e-02	8.02883e-03	2.76535e-12
1.42850e+00	5.00000e+00	3.49156e+00	2.85029e-02	8.16337e-03	1.98019e-12
1.02035e+00	5.00000e+00	3.49726e+00	2.89973e-02	8.29144e-03	1.41766e-12
7.28824e-01	5.00000e+00	3.50318e+00	2.96986e-02	8.47761e-03	1.01502e-12
5.20588e-01	5.00000e+00	3.50978e+00	3.03614e-02	8.65052e-03	7.26927e-13
5.00000e-01	5.00000e+00	3.50986e+00	2.97801e-02	8.48471e-03	6.98198e-13
1.00000e+06	1.00000e+01	3.16776e+00	8.76690e-02	2.76754e-02	1.20697e-06
7.14286e+05	1.00000e+01	3.18770e+00	8.27779e-02	2.59679e-02	8.69961e-07
5.10204e+05	1.00000e+01	3.20569e+00	7.96598e-02	2.48495e-02	6.26470e-07
3.64432e+05	1.00000e+01	3.22310e+00	7.70757e-02	2.39136e-02	4.50987e-07
2.60308e+05	1.00000e+01	3.24100e+00	7.40847e-02	2.28586e-02	3.24711e-07
1.85934e+05	1.00000e+01	3.25333e+00	7.02939e-02	2.16068e-02	2.33198e-07
1.32810e+05	1.00000e+01	3.26788e+00	6.71919e-02	2.05613e-02	1.67637e-07
9.48645e+04	1.00000e+01	3.28396e+00	6.39654e-02	1.94781e-02	1.20585e-07
6.77604e+04	1.00000e+01	3.29524e+00	6.12069e-02	1.85744e-02	8.65539e-08
4.84003e+04	1.00000e+01	3.30748e+00	5.73355e-02	1.73351e-02	6.21512e-08
3.45716e+04	1.00000e+01	3.32158e+00	5.40403e-02	1.62694e-02	4.46633e-08
2.46940e+04	1.00000e+01	3.33193e+00	5.06284e-02	1.51949e-02	3.20434e-08
1.76386e+04	1.00000e+01	3.34113e+00	4.71639e-02	1.41162e-02	2.29777e-08
1.25990e+04	1.00000e+01	3.35047e+00	4.39019e-02	1.31032e-02	1.64776e-08
8.99928e+03	1.00000e+01	3.36089e+00	4.09932e-02	1.21971e-02	1.18217e-08
6.42805e+03	1.00000e+01	3.36735e+00	3.83342e-02	1.13841e-02	8.46699e-09
4.59147e+03	1.00000e+01	3.37422e+00	3.56887e-02	1.05768e-02	6.06529e-09
3.27962e+03	1.00000e+01	3.38295e+00	3.37793e-02	9.98516e-03	4.34822e-09
2.34258e+03	1.00000e+01	3.38884e+00	3.21754e-02	9.49452e-03	3.11352e-09
1.67328e+03	1.00000e+01	3.39401e+00	3.08079e-02	9.07716e-03	2.22873e-09
1.19520e+03	1.00000e+01	3.40003e+00	3.06850e-02	9.02493e-03	1.59596e-09
8.53712e+02	1.00000e+01	3.40533e+00	2.88274e-02	8.46537e-03	1.14247e-09
6.09794e+02	1.00000e+01	3.41103e+00	2.80253e-02	8.21607e-03	8.17984e-10
4.35567e+02	1.00000e+01	3.41697e+00	2.75680e-02	8.06796e-03	5.85712e-10
3.11119e+02	1.00000e+01	3.42261e+00	2.68905e-02	7.85672e-03	4.19340e-10
2.22228e+02	1.00000e+01	3.42804e+00	2.64555e-02	7.71738e-03	3.00199e-10
1.58734e+02	1.00000e+01	3.43323e+00	2.62801e-02	7.65464e-03	2.14886e-10
1.13382e+02	1.00000e+01	3.43877e+00	2.61649e-02	7.60879e-03	1.53839e-10
8.09869e+01	1.00000e+01	3.44348e+00	2.60428e-02	7.56292e-03	1.10098e-10
5.78478e+01	1.00000e+01	3.44913e+00	2.63025e-02	7.62583e-03	7.88231e-11
4.13199e+01	1.00000e+01	3.45410e+00	2.60212e-02	7.53344e-03	5.64163e-11
2.95142e+01	1.00000e+01	3.45945e+00	2.63238e-02	7.60923e-03	4.03853e-11
2.10816e+01	1.00000e+01	3.46507e+00	2.66493e-02	7.69084e-03	2.89126e-11
1.50583e+01	1.00000e+01	3.47068e+00	2.71725e-02	7.82915e-03	2.06989e-11
1.07559e+01	1.00000e+01	3.47610e+00	2.79280e-02	8.03429e-03	1.48174e-11
7.68279e+00	1.00000e+01	3.48165e+00	2.83847e-02	8.15264e-03	1.06076e-11
5.48770e+00	1.00000e+01	3.48638e+00	2.97333e-02	8.52841e-03	7.59136e-12
3.91979e+00	1.00000e+01	3.49484e+00	2.95720e-02	8.46163e-03	5.44082e-12
2.79985e+00	1.00000e+01	3.50115e+00	3.03099e-02	8.65714e-03	3.89614e-12
1.99989e+00	1.00000e+01	3.50750e+00	3.11932e-02	8.89329e-03	2.79004e-12
1.42850e+00	1.00000e+01	3.51463e+00	3.27013e-02	9.30433e-03	1.99856e-12
1.02035e+00	1.00000e+01	3.52087e+00	3.29108e-02	9.34736e-03	1.43109e-12
7.28824e-01	1.00000e+01	3.52764e+00	3.35920e-02	9.52251e-03	1.02496e-12
5.20588e-01	1.00000e+01	3.53443e+00	3.52598e-02	9.97610e-03	7.34084e-13
5.00000e-01	1.00000e+01	3.53538e+00	3.58917e-02	1.01521e-02	7.05318e-13
1.00000e+06	1.50000e+01	3.19416e+00	8.58041e-02	2.68628e-02	1.22160e-06
7.14286e+05	1.50000e+01	3.21349e+00	8.07071e-02	2.51151e-02	8.80170e-07
5.10204e+05	1.50000e+01	3.23092e+00	7.74587e-02	2.39742e-02	6.33605e-07
3.64432e+05	1.50000e+01	3.24782e+00	7.48370e-02	2.30422e-02	4.55981e-07
2.60308e+05	1.50000e+01	3.26526e+00	7.18511e-02	2.20047e-02	3.28211e-07
1.85934e+05	1.50000e+01	3.27703e+00	6.79610e-02	2.07386e-02	2.35641e-07
1.32810e+05	1.50000e+01	3.29109e+00	6.47546e-02	1.96757e-02	1.69347e-07
9.48645e+04	1.50000e+01	3.30672e+00	6.14760e-02	1.85912e-02	1.21782e-07
6.77604e+04	1.50000e+01	3.31738e+00	5.86120e-02	1.76681e-02	8.73859e-08
4.84003e+04	1.50000e+01	3.32903e+00	5.47052e-02	1.64327e-02	6.27296e-08
3.45716e+04	1.50000e+01	3.34244e+00	5.13624e-02	1.53667e-02	4.50632e-08
2.46940e+04	1.50000e+01	3.35213e+00	4.80578e-02	1.43365e-02	3.23201e-08
1.76386e+04	1.50000e+01	3.36063e+00	4.48051e-02	1.33323e-02	2.31686e-08
1.25990e+04	1.50000e+01	3.36940e+00	4.18322e-02	1.24153e-02	1.66100e-08
8.99928e+03	1.50000e+01	3.37941e+00	3.92308e-02	1.16088e-02	1.19142e-08
6.42805e+03	1.50000e+01	3.38533e+00	3.69587e-02	1.09173e-02	8.53119e-09
4.59147e+03	1.50000e+01	3.39191e+00	3.51358e-02	1.03587e-02	6.11045e-09
3.27962e+03	1.50000e+01	3.40061e+00	3.33275e-02	9.80046e-03	4.38042e-09
2.34258e+03	1.50000e+01	3.40648e+00	3.20048e-02	9.39526e-03	3.13650e-09
1.67328e+03	1.50000e+01	3.41174e+00	3.09868e-02	9.08239e-03	2.24524e-09
1.19520e+03	1.50000e+01	3.41789e+00	3.12274e-02	9.13645e-03	1.60783e-09
8.53712e+02	1.50000e+01	3.42335e+00	2.95631e-02	8.63572e-03	1.15104e-09
6.09794e+02	1.50000e+01	3.42931e+00	2.91073e-02	8.48782e-03	8.24188e-10
4.35567e+02	1.50000e+01	3.43549e+00	2.88664e-02	8.40241e-03	5.90202e-10
3.11119e+02	1.50000e+01	3.44136e+00	2.84587e-02	8.26960e-03	4.22589e-10
2.22228e+02	1.50000e+01	3.44725e+00	2.82070e-02	8.18248e-03	3.02577e-10
1.58734e+02	1.50000e+01	3.45304e+00	2.82044e-02	8.16798e-03	2.16638e-10
1.13382e+02	1.50000e+01	3.45889e+00	2.81200e-02	8.12977e-03	1.55110e-10
8.09869e+01	1.50000e+01	3.46417e+00	2.83035e-02	8.17036e-03	1.11031e-10
5.78478e+01	1.50000e+01	3.47012e+00	2.85222e-02	8.21937e-03	7.94993e-11
4.13199e+01	1.50000e+01	3.47572e+00	2.86565e-02	8.24477e-03	5.69139e-11
2.95142e+01	1.50000e+01	3.48208e+00	2.92702e-02	8.40595e-03	4.07573e-11
2.10816e+01	1.50000e+01	3.48806e+00	3.01584e-02	8.64618e-03	2.91827e-11
1.50583e+01	1.50000e+01	3.49457e+00	3.06807e-02	8.77952e-03	2.08994e-11
1.07559e+01	1.50000e+01	3.50058e+00	3.16715e-02	9.04751e-03	1.49641e-11
7.68279e+00	1.50000e+01	3.50706e+00	3.29101e-02	9.38396e-03	1.07164e-11
5.48770e+00	1.50000e+01	3.51324e+00	3.47098e-02	9.87971e-03	7.67354e-12
3.91979e+00	1.50000e+01	3.52182e+00	3.46626e-02	9.84224e-03	5.49980e-12
2.79985e+00	1.50000e+01	3.52999e+00	3.54503e-02	1.00426e-02	3.94118e-12
1.99989e+00	1.50000e+01	3.53747e+00	3.68676e-02	1.04220e-02	2.82347e-12
1.42850e+00	1.50000e+01	3.54428e+00	3.77482e-02	1.06505e-02	2.02218e-12
1.02035e+00	1.50000e+01	3.55319e+00	3.89413e-02	1.09595e-02	1.44948e-12
7.28824e-01	1.50000e+01	3.56068e+00	4.08010e-02	1.14588e-02	1.03840e-12
5.20588e-01	1.50000e+01	3.56931e+00	4.26857e-02	1.19591e-02	7.44218e-13
5.00000e-01	1.50000e+01	3.57051e+00	4.31012e-02	1.20714e-02	7.15121e-13
1.00000e+06	2.00000e+01	3.22073e+00	8.39348e-02	2.60608e-02	1.23633e-06
7.14286e+05	2.00000e+01	3.23950e+00	7.87589e-02	2.43121e-02	8.90471e-07
5.10204e+05	2.00000e+01	3.25644e+00	7.55226e-02	2.31918e-02	6.40825e-07
3.64432e+05	2.00000e+01	3.27293e+00	7.28823e-02	2.22682e-02	4.61057e-07
2.60308e+05	2.00000e+01	3.28993e+00	6.99500e-02	2.12619e-02	3.31773e-07
1.85934e+05	2.00000e+01	3.30128e+00	6.59687e-02	1.99828e-02	2.38142e-07
1.32810e+05	2.00000e+01	3.31489e+00	6.27736e-02	1.89368e-02	1.71101e-07
9.48645e+04	2.00000e+01	3.33002e+00	5.93657e-02	1.78274e-02	1.23008e-07
6.77604e+04	2.00000e+01	3.34018e+00	5.65449e-02	1.69287e-02	8.82432e-08
4.84003e+04	2.00000e+01	3.35129e+00	5.26425e-02	1.57081e-02	6.33275e-08
3.45716e+04	2.00000e+01	3.36416e+00	4.94891e-02	1.47107e-02	4.54800e-08
2.46940e+04	2.00000e+01	3.37342e+00	4.63747e-02	1.37471e-02	3.26120e-08
1.76386e+04	2.00000e+01	3.38141e+00	4.35218e-02	1.28709e-02	2.33722e-08
1.25990e+04	2.00000e+01	3.38987e+00	4.09634e-02	1.20841e-02	1.67534e-08
8.99928e+03	2.00000e+01	3.39970e+00	3.87593e-02	1.14008e-02	1.20157e-08
6.42805e+03	2.00000e+01	3.40569e+00	3.68687e-02	1.08256e-02	8.60397e-09
4.59147e+03	2.00000e+01	3.41167e+00	3.52405e-02	1.03294e-02	6.16090e-09
3.27962e+03	2.00000e+01	3.42111e+00	3.39605e-02	9.92675e-03	4.41784e-09
2.34258e+03	2.00000e+01	3.42721e+00	3.30667e-02	9.64829e-03	3.16353e-09
1.67328e+03	2.00000e+01	3.43265e+00	3.23618e-02	9.42765e-03	2.26472e-09
1.19520e+03	2.00000e+01	3.43921e+00	3.29913e-02	9.59268e-03	1.62203e-09
8.53712e+02	2.00000e+01	3.44514e+00	3.15954e-02	9.17102e-03	1.16140e-09
6.09794e+02	2.00000e+01	3.45132e+00	3.13563e-02	9.08531e-03	8.31664e-10
4.35567e+02	2.00000e+01	3.45833e+00	3.14782e-02	9.10216e-03	5.95744e-10
3.11119e+02	2.00000e+01	3.46473e+00	3.12741e-02	9.02643e-03	4.26639e-10
2.22228e+02	2.00000e+01	3.47135e+00	3.13764e-02	9.03865e-03	3.05561e-10
1.58734e+02	2.00000e+01	3.47783e+00	3.14813e-02	9.05198e-03	2.18830e-10
1.13382e+02	2.00000e+01	3.48435e+00	3.19975e-02	9.18320e-03	1.56719e-10
8.09869e+01	2.00000e+01	3.49055e+00	3.23486e-02	9.26749e-03	1.12221e-10
5.78478e+01	2.00000e+01	3.49707e+00	3.27448e-02	9.36350e-03	8.03683e-11
4.13199e+01	2.00000e+01	3.50384e+00	3.36246e-02	9.59650e-03	5.75618e-11
2.95142e+01	2.00000e+01	3.51065e+00	3.41904e-02	9.73904e-03	4.12275e-11
2.10816e+01	2.00000e+01	3.51811e+00	3.54974e-02	1.00899e-02	2.95359e-11
1.50583e+01	2.00000e+01	3.52537e+00	3.69404e-02	1.04785e-02	2.11580e-11
1.07559e+01	2.00000e+01	3.53335e+00	3.81833e-02	1.08066e-02	1.51607e-11
7.68279e+00	2.00000e+01	3.54133e+00	3.98376e-02	1.12493e-02	1.08633e-11
5.48770e+00	2.00000e+01	3.54956e+00	4.18224e-02	1.17824e-02	7.78473e-12
3.91979e+00	2.00000e+01	3.55916e+00	4.22388e-02	1.18676e-02	5.58148e-12
2.79985e+00	2.00000e+01	3.56826e+00	4.34732e-02	1.21833e-02	4.00096e-12
1.99989e+00	2.00000e+01	3.57786e+00	4.51890e-02	1.26302e-02	2.86855e-12
1.42850e+00	2.00000e+01	3.58745e+00	4.66742e-02	1.30104e-02	2.05660e-12
1.02035e+00	2.00000e+01	3.59693e+00	4.82071e-02	1.34023e-02	1.47440e-12
7.28824e-01	2.00000e+01	3.60758e+00	4.95930e-02	1.37469e-02	1.05747e-12
5.20588e-01	2.00000e+01	3.61854e+00	5.22853e-02	1.44493e-02	7.58524e-13
5.00000e-01	2.00000e+01	3.61858e+00	5.27839e-02	1.45869e-02	7.28541e-13
1.00000e+06	2.50000e+01	3.24845e+00	8.24397e-02	2.53782e-02	1.25171e-06
7.14286e+05	2.50000e+01	3.26682e+00	7.73272e-02	2.36705e-02	9.01302e-07
5.10204e+05	2.50000e+01	3.28340e+00	7.41042e-02	2.25693e-02	6.48462e-07
3.64432e+05	2.50000e+01	3.29966e+00	7.15230e-02	2.16759e-02	4.66464e-07
2.60308e+05	2.50000e+01	3.31635e+00	6.85418e-02	2.06678e-02	3.35592e-07
1.85934e+05	2.50000e+01	3.32740e+00	6.45893e-02	1.94114e-02	2.40839e-07
1.32810e+05	2.50000e+01	3.34068e+00	6.14182e-02	1.83850e-02	1.73002e-07
9.48645e+04	2.50000e+01	3.35556e+00	5.81163e-02	1.73194e-02	1.24354e-07
6.77604e+04	2.50000e+01	3.36526e+00	5.53145e-02	1.64369e-02	8.91874e-08
4.84003e+04	2.50000e+01	3.37601e+00	5.16870e-02	1.53101e-02	6.39924e-08
3.45716e+04	2.50000e+01	3.38863e+00	4.88136e-02	1.44051e-02	4.59503e-08
2.46940e+04	2.50000e+01	3.39766e+00	4.61255e-02	1.35757e-02	3.29450e-08
1.76386e+04	2.50000e+01	3.40549e+00	4.36249e-02	1.28102e-02	2.36084e-08
1.25990e+04	2.50000e+01	3.41417e+00	4.15089e-02	1.21578e-02	1.69238e-08
8.99928e+03	2.50000e+01	3.42413e+00	3.98176e-02	1.16285e-02	1.21381e-08
6.42805e+03	2.50000e+01	3.43031e+00	3.84471e-02	1.12080e-02	8.69211e-09
4.59147e+03	2.50000e+01	3.43678e+00	3.72003e-02	1.08242e-02	6.22512e-09
3.27962e+03	2.50000e+01	3.44673e+00	3.63243e-02	1.05388e-02	4.46465e-09
2.34258e+03	2.50000e+01	3.45343e+00	3.58017e-02	1.03670e-02	3.19774e-09
1.67328e+03	2.50000e+01	3.45957e+00	3.55209e-02	1.02674e-02	2.28982e-09
1.19520e+03	2.50000e+01	3.46684e+00	3.65074e-02	1.05305e-02	1.64043e-09
8.53712e+02	2.50000e+01	3.47351e+00	3.55189e-02	1.02256e-02	1.17490e-09
6.09794e+02	2.50000e+01	3.48083e+00	3.57246e-02	1.02632e-02	8.41693e-10
4.35567e+02	2.50000e+01	3.48862e+00	3.62018e-02	1.03771e-02	6.03101e-10
3.11119e+02	2.50000e+01	3.49608e+00	3.63568e-02	1.03993e-02	4.32077e-10
2.22228e+02	2.50000e+01	3.50371e+00	3.68730e-02	1.05240e-02	3.09570e-10
1.58734e+02	2.50000e+01	3.51142e+00	3.76667e-02	1.07269e-02	2.21804e-10
1.13382e+02	2.50000e+01	3.51922e+00	3.80821e-02	1.08212e-02	1.58924e-10
8.09869e+01	2.50000e+01	3.52678e+00	3.90578e-02	1.10746e-02	1.13858e-10
5.78478e+01	2.50000e+01	3.53517e+00	4.02445e-02	1.13840e-02	8.15979e-11
4.13199e+01	2.50000e+01	3.54352e+00	4.11497e-02	1.16127e-02	5.84764e-11
2.95142e+01	2.50000e+01	3.55214e+00	4.23649e-02	1.19266e-02	4.19106e-11
2.10816e+01	2.50000e+01	3.56097e+00	4.40028e-02	1.23570e-02	3.00400e-11
1.50583e+01	2.50000e+01	3.56996e+00	4.56430e-02	1.27853e-02	2.15327e-11
1.07559e+01	2.50000e+01	3.58007e+00	4.74677e-02	1.32589e-02	1.54412e-11
7.68279e+00	2.50000e+01	3.58980e+00	4.96336e-02	1.38263e-02	1.10712e-11
5.48770e+00	2.50000e+01	3.60079e+00	5.22534e-02	1.45117e-02	7.94170e-12
3.91979e+00	2.50000e+01	3.61299e+00	5.32788e-02	1.47465e-02	5.69927e-12
2.79985e+00	2.50000e+01	3.62511e+00	5.53069e-02	1.52566e-02	4.08985e-12
1.99989e+00	2.50000e+01	3.63576e+00	5.70346e-02	1.56871e-02	2.93322e-12
1.42850e+00	2.50000e+01	3.64997e+00	5.92066e-02	1.62211e-02	2.10648e-12
1.02035e+00	2.50000e+01	3.66176e+00	6.22220e-02	1.69924e-02	1.51136e-12
7.28824e-01	2.50000e+01	3.67440e+00	6.45083e-02	1.75562e-02	1.08469e-12
5.20588e-01	2.50000e+01	3.68884e+00	6.69113e-02	1.81389e-02	7.78974e-13
5.00000e-01	2.50000e+01	3.68997e+00	6.71735e-02	1.82043e-02	7.48484e-13
1.00000e+06	3.00000e+01	3.27936e+00	8.17592e-02	2.49314e-02	1.26888e-06
7.14286e+05	3.00000e+01	3.29752e+00	7.66399e-02	2.32417e-02	9.13486e-07
5.10204e+05	3.00000e+01	3.31402e+00	7.35163e-02	2.21834e-02	6.57143e-07
3.64432e+05	3.00000e+01	3.33007e+00	7.10584e-02	2.13384e-02	4.72625e-07
2.60308e+05	3.00000e+01	3.34672e+00	6.81818e-02	2.03727e-02	3.39987e-07
1.85934e+05	3.00000e+01	3.35760e+00	6.43140e-02	1.91548e-02	2.43961e-07
1.32810e+05	3.00000e+01	3.37086e+00	6.12437e-02	1.81686e-02	1.75231e-07
9.48645e+04	3.00000e+01	3.38560e+00	5.81128e-02	1.71647e-02	1.25939e-07
6.77604e+04	3.00000e+01	3.39523e+00	5.56823e-02	1.64002e-02	9.03170e-08
4.84003e+04	3.00000e+01	3.40601e+00	5.23740e-02	1.53769e-02	6.48004e-08
3.45716e+04	3.00000e+01	3.41879e+00	4.99881e-02	1.46216e-02	4.65308e-08
2.46940e+04	3.00000e+01	3.42804e+00	4.77599e-02	1.39321e-02	3.33627e-08
1.76386e+04	3.00000e+01	3.43635e+00	4.57746e-02	1.33207e-02	2.39116e-08
1.25990e+04	3.00000e+01	3.44541e+00	4.41703e-02	1.28201e-02	1.71430e-08
8.99928e+03	3.00000e+01	3.45618e+00	4.29063e-02	1.24144e-02	1.22988e-08
6.42805e+03	3.00000e+01	3.46309e+00	4.22405e-02	1.21973e-02	8.80954e-09
4.59147e+03	3.00000e+01	3.47098e+00	4.15514e-02	1.19711e-02	6.31264e-09
3.27962e+03	3.00000e+01	3.48138e+00	4.10293e-02	1.17853e-02	4.52800e-09
2.34258e+03	3.00000e+01	3.48904e+00	4.09966e-02	1.17501e-02	3.24426e-09
1.67328e+03	3.00000e+01	3.49645e+00	4.11912e-02	1.17809e-02	2.32422e-09
1.19520e+03	3.00000e+01	3.50500e+00	4.26534e-02	1.21693e-02	1.66586e-09
8.53712e+02	3.00000e+01	3.51310e+00	4.21231e-02	1.19903e-02	1.19374e-09
6.09794e+02	3.00000e+01	3.52191e+00	4.28355e-02	1.21626e-02	8.55667e-10
4.35567e+02	3.00000e+01	3.53120e+00	4.37970e-02	1.24028e-02	6.13446e-10
3.11119e+02	3.00000e+01	3.54044e+00	4.45581e-02	1.25855e-02	4.39776e-10
2.22228e+02	3.00000e+01	3.54975e+00	4.54704e-02	1.28095e-02	3.15279e-10
1.58734e+02	3.00000e+01	3.55940e+00	4.68280e-02	1.31562e-02	2.26053e-10
1.13382e+02	3.00000e+01	3.56972e+00	4.82362e-02	1.35126e-02	1.62119e-10
8.09869e+01	3.00000e+01	3.57912e+00	4.95038e-02	1.38313e-02	1.16224e-10
5.78478e+01	3.00000e+01	3.58971e+00	5.12557e-02	1.42785e-02	8.33590e-11
4.13199e+01	3.00000e+01	3.60066e+00	5.27445e-02	1.46486e-02	5.97945e-11
2.95142e+01	3.00000e+01	3.61195e+00	5.45204e-02	1.50944e-02	4.28963e-11
2.10816e+01	3.00000e+01	3.62341e+00	5.68529e-02	1.56904e-02	3.07751e-11
1.50583e+01	3.00000e+01	3.63552e+00	5.89696e-02	1.62204e-02	2.20841e-11
1.07559e+01	3.00000e+01	3.64859e+00	6.13494e-02	1.68145e-02	1.58529e-11
7.68279e+00	3.00000e+01	3.66177e+00	6.43790e-02	1.75814e-02	1.13801e-11
5.48770e+00	3.00000e+01	3.67558e+00	6.66205e-02	1.81252e-02	8.17094e-12
3.91979e+00	3.00000e+01	3.69083e+00	6.85171e-02	1.85641e-02	5.86974e-12
2.79985e+00	3.00000e+01	3.70627e+00	7.11919e-02	1.92085e-02	4.21683e-12
1.99989e+00	3.00000e+01	3.72196e+00	7.30026e-02	1.96140e-02	3.02952e-12
1.42850e+00	3.00000e+01	3.73757e+00	7.55298e-02	2.02083e-02	2.17640e-12
1.02035e+00	3.00000e+01	3.75453e+00	7.82369e-02	2.08380e-02	1.56424e-12
7.28824e-01	3.00000e+01	3.77080e+00	8.12323e-02	2.15425e-02	1.12394e-12
5.20588e-01	3.00000e+01	3.78866e+00	8.44521e-02	2.22908e-02	8.08012e-13
5.00000e-01	3.00000e+01	3.79076e+00	8.37786e-02	2.21008e-02	7.76634e-13
1.00000e+06	3.50000e+01	3.31534e+00	8.21979e-02	2.47932e-02	1.28890e-06
7.14286e+05	3.50000e+01	3.33359e+00	7.72417e-02	2.31707e-02	9.27819e-07
5.10204e+05	3.50000e+01	3.35026e+00	7.42757e-02	2.21701e-02	6.67430e-07
3.64432e+05	3.50000e+01	3.36648e+00	7.19933e-02	2.13853e-02	4.80008e-07
2.60308e+05	3.50000e+01	3.38340e+00	6.92876e-02	2.04787e-02	3.45301e-07
1.85934e+05	3.50000e+01	3.39437e+00	6.56822e-02	1.93503e-02	2.47767e-07
1.32810e+05	3.50000e+01	3.40789e+00	6.29225e-02	1.84638e-02	1.77970e-07
9.48645e+04	3.50000e+01	3.42300e+00	6.01890e-02	1.75837e-02	1.27915e-07
6.77604e+04	3.50000e+01	3.43299e+00	5.81551e-02	1.69401e-02	9.17421e-08
4.84003e+04	3.50000e+01	3.44427e+00	5.54378e-02	1.60957e-02	6.58322e-08
3.45716e+04	3.50000e+01	3.45778e+00	5.35873e-02	1.54976e-02	4.72819e-08
2.46940e+04	3.50000e+01	3.46783e+00	5.19988e-02	1.49946e-02	3.39104e-08
1.76386e+04	3.50000e+01	3.47703e+00	5.06551e-02	1.45685e-02	2.43116e-08
1.25990e+04	3.50000e+01	3.48735e+00	4.97292e-02	1.42599e-02	1.74377e-08
8.99928e+03	3.50000e+01	3.49941e+00	4.90853e-02	1.40268e-02	1.25158e-08
6.42805e+03	3.50000e+01	3.50771e+00	4.88959e-02	1.39395e-02	8.96952e-09
4.59147e+03	3.50000e+01	3.51665e+00	4.84417e-02	1.37749e-02	6.42961e-09
3.27962e+03	3.50000e+01	3.52925e+00	4.89997e-02	1.38839e-02	4.61557e-09
2.34258e+03	3.50000e+01	3.53877e+00	4.96170e-02	1.40209e-02	3.30926e-09
1.67328e+03	3.50000e+01	3.54793e+00	5.04136e-02	1.42093e-02	2.37229e-09
1.19520e+03	3.50000e+01	3.55865e+00	5.26042e-02	1.47821e-02	1.70165e-09
8.53712e+02	3.50000e+01	3.56896e+00	5.26782e-02	1.47601e-02	1.22036e-09
6.09794e+02	3.50000e+01	3.58013e+00	5.40274e-02	1.50909e-02	8.75486e-10
4.35567e+02	3.50000e+01	3.59198e+00	5.57576e-02	1.55228e-02	6.28226e-10
3.11119e+02	3.50000e+01	3.60383e+00	5.70741e-02	1.58371e-02	4.50788e-10
2.22228e+02	3.50000e+01	3.61604e+00	5.88818e-02	1.62835e-02	3.23506e-10
1.58734e+02	3.50000e+01	3.62858e+00	6.06475e-02	1.67138e-02	2.32186e-10
1.13382e+02	3.50000e+01	3.64170e+00	6.26825e-02	1.72124e-02	1.66678e-10
8.09869e+01	3.50000e+01	3.65482e+00	6.47328e-02	1.77116e-02	1.19649e-10
5.78478e+01	3.50000e+01	3.66836e+00	6.70222e-02	1.82703e-02	8.59010e-11
4.13199e+01	3.50000e+01	3.68289e+00	6.91968e-02	1.87887e-02	6.16930e-11
2.95142e+01	3.50000e+01	3.69771e+00	7.16199e-02	1.93687e-02	4.43107e-11
2.10816e+01	3.50000e+01	3.71345e+00	7.44628e-02	2.00522e-02	3.18359e-11
1.50583e+01	3.50000e+01	3.72972e+00	7.74337e-02	2.07613e-02	2.28769e-11
1.07559e+01	3.50000e+01	3.74692e+00	8.03428e-02	2.14424e-02	1.64440e-11
7.68279e+00	3.50000e+01	3.76404e+00	8.29175e-02	2.20289e-02	1.18192e-11
5.48770e+00	3.50000e+01	3.78122e+00	8.55125e-02	2.26150e-02	8.49494e-12
3.91979e+00	3.50000e+01	3.80123e+00	8.74718e-02	2.30114e-02	6.11157e-12
2.79985e+00	3.50000e+01	3.82098e+00	9.02482e-02	2.36191e-02	4.39628e-12
1.99989e+00	3.50000e+01	3.84083e+00	9.30296e-02	2.42212e-02	3.16238e-12
1.42850e+00	3.50000e+01	3.86138e+00	9.48135e-02	2.45543e-02	2.27521e-12
1.02035e+00	3.50000e+01	3.88132e+00	9.81520e-02	2.52883e-02	1.63653e-12
7.28824e-01	3.50000e+01	3.90186e+00	9.85814e-02	2.52653e-02	1.17728e-12
5.20588e-01	3.50000e+01	3.92443e+00	1.03952e-01	2.64884e-02	8.47498e-13
5.00000e-01	3.50000e+01	3.92801e+00	1.03088e-01	2.62443e-02	8.14968e-13
1.00000e+06	4.00000e+01	3.35724e+00	8.42070e-02	2.50822e-02	1.31223e-06
7.14286e+05	4.00000e+01	3.37593e+00	7.95295e-02	2.35578e-02	9.44667e-07
5.10204e+05	4.00000e+01	3.39308e+00	7.68204e-02	2.26403e-02	6.79601e-07
3.64432e+05	4.00000e+01	3.40994e+00	7.48512e-02	2.19509e-02	4.88834e-07
2.60308e+05	4.00000e+01	3.42744e+00	7.25016e-02	2.11533e-02	3.51690e-07
1.85934e+05	4.00000e+01	3.43901e+00	6.93648e-02	2.01700e-02	2.52393e-07
1.32810e+05	4.00000e+01	3.45329e+00	6.70959e-02	1.94296e-02	1.81331e-07
9.48645e+04	4.00000e+01	3.46930e+00	6.48995e-02	1.87068e-02	1.30364e-07
6.77604e+04	4.00000e+01	3.48029e+00	6.36391e-02	1.82856e-02	9.35298e-08
4.84003e+04	4.00000e+01	3.49280e+00	6.15878e-02	1.76328e-02	6.71425e-08
3.45716e+04	4.00000e+01	3.50768e+00	6.05188e-02	1.72532e-02	4.82445e-08
2.46940e+04	4.00000e+01	3.51932e+00	5.96876e-02	1.69600e-02	3.46200e-08
1.76386e+04	4.00000e+01	3.53028e+00	5.90755e-02	1.67339e-02	2.48359e-08
1.25990e+04	4.00000e+01	3.54249e+00	5.89086e-02	1.66292e-02	1.78255e-08
8.99928e+03	4.00000e+01	3.55661e+00	5.91111e-02	1.66201e-02	1.28032e-08
6.42805e+03	4.00000e+01	3.56715e+00	5.96999e-02	1.67360e-02	9.18286e-09
4.59147e+03	4.00000e+01	3.57852e+00	6.03770e-02	1.68721e-02	6.58824e-09
3.27962e+03	4.00000e+01	3.59383e+00	6.13591e-02	1.70735e-02	4.73386e-09
2.34258e+03	4.00000e+01	3.60612e+00	6.26964e-02	1.73861e-02	3.39738e-09
1.67328e+03	4.00000e+01	3.61810e+00	6.42531e-02	1.77588e-02	2.43789e-09
1.19520e+03	4.00000e+01	3.63198e+00	6.72024e-02	1.85030e-02	1.75062e-09
8.53712e+02	4.00000e+01	3.64558e+00	6.81711e-02	1.86997e-02	1.25691e-09
6.09794e+02	4.00000e+01	3.66026e+00	7.01228e-02	1.91579e-02	9.02791e-10
4.35567e+02	4.00000e+01	3.67556e+00	7.25977e-02	1.97515e-02	6.48572e-10
3.11119e+02	4.00000e+01	3.69127e+00	7.46538e-02	2.02244e-02	4.65995e-10
2.22228e+02	4.00000e+01	3.70753e+00	7.69934e-02	2.07668e-02	3.34870e-10
1.58734e+02	4.00000e+01	3.72432e+00	7.93431e-02	2.13041e-02	2.40681e-10
1.13382e+02	4.00000e+01	3.74151e+00	8.19377e-02	2.18996e-02	1.73004e-10
8.09869e+01	4.00000e+01	3.75852e+00	8.44357e-02	2.24651e-02	1.24344e-10
5.78478e+01	4.00000e+01	3.77715e+00	8.72937e-02	2.31110e-02	8.94191e-11
4.13199e+01	4.00000e+01	3.79615e+00	8.98416e-02	2.36665e-02	6.43092e-11
2.95142e+01	4.00000e+01	3.81544e+00	9.27309e-02	2.43041e-02	4.62531e-11
2.10816e+01	4.00000e+01	3.83578e+00	9.57934e-02	2.49736e-02	3.32777e-11
1.50583e+01	4.00000e+01	3.85692e+00	9.87275e-02	2.55975e-02	2.39476e-11
1.07559e+01	4.00000e+01	3.87858e+00	1.01726e-01	2.62277e-02	1.72356e-11
7.68279e+00	4.00000e+01	3.90041e+00	1.03892e-01	2.66361e-02	1.24047e-11
5.48770e+00	4.00000e+01	3.92405e+00	1.06580e-01	2.71607e-02	8.93290e-12
3.91979e+00	4.00000e+01	3.94807e+00	1.08567e-01	2.74987e-02	6.43316e-12
2.79985e+00	4.00000e+01	3.97091e+00	1.10799e-01	2.79027e-02	4.63080e-12
1.99989e+00	4.00000e+01	3.99578e+00	1.12895e-01	2.82536e-02	3.33545e-12
1.42850e+00	4.00000e+01	4.01994e+00	1.14557e-01	2.84972e-02	2.40170e-12
1.02035e+00	4.00000e+01	4.04582e+00	1.17600e-01	2.90671e-02	1.73025e-12
7.28824e-01	4.00000e+01	4.07172e+00	1.20011e-01	2.94743e-02	1.24642e-12
5.20588e-01	4.00000e+01	4.09627e+00	1.22125e-01	2.98137e-02	8.97428e-13
5.00000e-01	4.00000e+01	4.10083e+00	1.24005e-01	3.02391e-02	8.63225e-13
1.00000e+06	4.50000e+01	3.40651e+00	8.81803e-02	2.58858e-02	1.33970e-06
7.14286e+05	4.50000e+01	3.42601e+00	8.39509e-02	2.45040e-02	9.64616e-07
5.10204e+05	4.50000e+01	3.44417e+00	8.16831e-02	2.37163e-02	6.94140e-07
3.64432e+05	4.50000e+01	3.46205e+00	8.01941e-02	2.31638e-02	4.99427e-07
2.60308e+05	4.50000e+01	3.48067e+00	7.84623e-02	2.25423e-02	3.59421e-07
1.85934e+05	4.50000e+01	3.49340e+00	7.59853e-02	2.17511e-02	2.58038e-07
1.32810e+05	4.50000e+01	3.50918e+00	7.45129e-02	2.12337e-02	1.85475e-07
9.48645e+04	4.50000e+01	3.52685e+00	7.31945e-02	2.07535e-02	1.33412e-07
6.77604e+04	4.50000e+01	3.53957e+00	7.27421e-02	2.05511e-02	9.57730e-08
4.84003e+04	4.50000e+01	3.55415e+00	7.15911e-02	2.01430e-02	6.88008e-08
3.45716e+04	4.50000e+01	3.57140e+00	7.14370e-02	2.00025e-02	4.94749e-08
2.46940e+04	4.50000e+01	3.58545e+00	7.15315e-02	1.99505e-02	3.55323e-08
1.76386e+04	4.50000e+01	3.59894e+00	7.18447e-02	1.99627e-02	2.55126e-08
1.25990e+04	4.50000e+01	3.61404e+00	7.25507e-02	2.00747e-02	1.83293e-08
8.99928e+03	4.50000e+01	3.63141e+00	7.37356e-02	2.03049e-02	1.31794e-08
6.42805e+03	4.50000e+01	3.64505e+00	7.50395e-02	2.05867e-02	9.46276e-09
4.59147e+03	4.50000e+01	3.66058e+00	7.65286e-02	2.09062e-02	6.79886e-09
3.27962e+03	4.50000e+01	3.67874e+00	7.84653e-02	2.13294e-02	4.88956e-09
2.34258e+03	4.50000e+01	3.69488e+00	8.06213e-02	2.18198e-02	3.51365e-09
1.67328e+03	4.50000e+01	3.71175e+00	8.30182e-02	2.23663e-02	2.52551e-09
1.19520e+03	4.50000e+01	3.72904e+00	8.67434e-02	2.32615e-02	1.81551e-09
8.53712e+02	4.50000e+01	3.74705e+00	8.83204e-02	2.35707e-02	1.30536e-09
6.09794e+02	4.50000e+01	3.76607e+00	9.10097e-02	2.41657e-02	9.38881e-10
4.35567e+02	4.50000e+01	3.78628e+00	9.40512e-02	2.48400e-02	6.75548e-10
3.11119e+02	4.50000e+01	3.80680e+00	9.66242e-02	2.53820e-02	4.86099e-10
2.22228e+02	4.50000e+01	3.82784e+00	9.93443e-02	2.59531e-02	3.49825e-10
1.58734e+02	4.50000e+01	3.84971e+00	1.02184e-01	2.65432e-02	2.51814e-10
1.13382e+02	4.50000e+01	3.87190e+00	1.04697e-01	2.70402e-02	1.81271e-10
8.09869e+01	4.50000e+01	3.89421e+00	1.07610e-01	2.76333e-02	1.30489e-10
5.78478e+01	4.50000e+01	3.91752e+00	1.10283e-01	2.81513e-02	9.39595e-11
4.13199e+01	4.50000e+01	3.94162e+00	1.12793e-01	2.86160e-02	6.76696e-11
2.95142e+01	4.50000e+01	3.96640e+00	1.15674e-01	2.91634e-02	4.87438e-11
2.10816e+01	4.50000e+01	3.99187e+00	1.18445e-01	2.96715e-02	3.51168e-11
1.50583e+01	4.50000e+01	4.01785e+00	1.20912e-01	3.00938e-02	2.53017e-11
1.07559e+01	4.50000e+01	4.04474e+00	1.23425e-01	3.05149e-02	1.82340e-11
7.68279e+00	4.50000e+01	4.07156e+00	1.25489e-01	3.08208e-02	1.31392e-11
5.48770e+00	4.50000e+01	4.09874e+00	1.27159e-01	3.10240e-02	9.46826e-12
3.91979e+00	4.50000e+01	4.12746e+00	1.29073e-01	3.12718e-02	6.82579e-12
2.79985e+00	4.50000e+01	4.15528e+00	1.31091e-01	3.15481e-02	4.91900e-12
1.99989e+00	4.50000e+01	4.18365e+00	1.33038e-01	3.17995e-02	3.54519e-12
1.42850e+00	4.50000e+01	4.21284e+00	1.35324e-01	3.21218e-02	2.55554e-12
1.02035e+00	4.50000e+01	4.24136e+00	1.38385e-01	3.26275e-02	1.84163e-12
7.28824e-01	4.50000e+01	4.26932e+00	1.40901e-01	3.30031e-02	1.32682e-12
5.20588e-01	4.50000e+01	4.30007e+00	1.45767e-01	3.38988e-02	9.56688e-13
5.00000e-01	4.50000e+01	4.30465e+00	1.46447e-01	3.40207e-02	9.20133e-13
1.00000e+06	5.00000e+01	3.46137e+00	9.40790e-02	2.71797e-02	1.37032e-06
7.14286e+05	5.00000e+01	3.48204e+00	9.04364e-02	2.59722e-02	9.86958e-07
5.10204e+05	5.00000e+01	3.50167e+00	8.88752e-02	2.53808e-02	7.10520e-07
3.64432e+05	5.00000e+01	3.52109e+00	8.81353e-02	2.50307e-02	5.11444e-07
2.60308e+05	5.00000e+01	3.54148e+00	8.71834e-02	2.46178e-02	3.68264e-07
1.85934e+05	5.00000e+01	3.55590e+00	8.56482e-02	2.40862e-02	2.64531e-07
1.32810e+05	5.00000e+01	3.57381e+00	8.50484e-02	2.37977e-02	1.90272e-07
9.48645e+04	5.00000e+01	3.59389e+00	8.47354e-02	2.35776e-02	1.36967e-07
6.77604e+04	5.00000e+01	3.60920e+00	8.52937e-02	2.36323e-02	9.84111e-08
4.84003e+04	5.00000e+01	3.62657e+00	8.51310e-02	2.34743e-02	7.07609e-08
3.45716e+04	5.00000e+01	3.64687e+00	8.59621e-02	2.35714e-02	5.09344e-08
2.46940e+04	5.00000e+01	3.66416e+00	8.70052e-02	2.37449e-02	3.66195e-08
1.76386e+04	5.00000e+01	3.68189e+00	8.82812e-02	2.39771e-02	2.63311e-08
1.25990e+04	5.00000e+01	3.69991e+00	8.97587e-02	2.42597e-02	1.89345e-08
8.99928e+03	5.00000e+01	3.72114e+00	9.16519e-02	2.46300e-02	1.36312e-08
6.42805e+03	5.00000e+01	3.73879e+00	9.38693e-02	2.51068e-02	9.79993e-09
4.59147e+03	5.00000e+01	3.75823e+00	9.64465e-02	2.56628e-02	7.04978e-09
3.27962e+03	5.00000e+01	3.78117e+00	9.87506e-02	2.61164e-02	5.07755e-09
2.34258e+03	5.00000e+01	3.80182e+00	1.01512e-01	2.67009e-02	3.65385e-09
1.67328e+03	5.00000e+01	3.82321e+00	1.04448e-01	2.73195e-02	2.62989e-09
1.19520e+03	5.00000e+01	3.84542e+00	1.08574e-01	2.82346e-02	1.89335e-09
8.53712e+02	5.00000e+01	3.86819e+00	1.10507e-01	2.85683e-02	1.36323e-09
6.09794e+02	5.00000e+01	3.89227e+00	1.13387e-01	2.91314e-02	9.81939e-10
4.35567e+02	5.00000e+01	3.91756e+00	1.16489e-01	2.97351e-02	7.07539e-10
3.11119e+02	5.00000e+01	3.94306e+00	1.18976e-01	3.01735e-02	5.09812e-10
2.22228e+02	5.00000e+01	3.96904e+00	1.21553e-01	3.06254e-02	3.67374e-10
1.58734e+02	5.00000e+01	3.99543e+00	1.23863e-01	3.10011e-02	2.64747e-10
1.13382e+02	5.00000e+01	4.02265e+00	1.26427e-01	3.14288e-02	1.90827e-10
8.09869e+01	5.00000e+01	4.04928e+00	1.28557e-01	3.17482e-02	1.37508e-10
5.78478e+01	5.00000e+01	4.07763e+00	1.31045e-01	3.21376e-02	9.91347e-11
4.13199e+01	5.00000e+01	4.10602e+00	1.33122e-01	3.24211e-02	7.14645e-11
2.95142e+01	5.00000e+01	4.13516e+00	1.35396e-01	3.27427e-02	5.15257e-11
2.10816e+01	5.00000e+01	4.16456e+00	1.37444e-01	3.30032e-02	3.71496e-11
1.50583e+01	5.00000e+01	4.19443e+00	1.39533e-01	3.32662e-02	2.67862e-11
1.07559e+01	5.00000e+01	4.22526e+00	1.41418e-01	3.34696e-02	1.93178e-11
7.68279e+00	5.00000e+01	4.25526e+00	1.43147e-01	3.36400e-02	1.39269e-11
5.48770e+00	5.00000e+01	4.28555e+00	1.45485e-01	3.39477e-02	1.00405e-11
3.91979e+00	5.00000e+01	4.31734e+00	1.46349e-01	3.38980e-02	7.24110e-12
2.79985e+00	5.00000e+01	4.34873e+00	1.48433e-01	3.41325e-02	5.22119e-12
1.99989e+00	5.00000e+01	4.37952e+00	1.50941e-01	3.44651e-02	3.76377e-12
1.42850e+00	5.00000e+01	4.41085e+00	1.53925e-01	3.48969e-02	2.71339e-12
1.02035e+00	5.00000e+01	4.44293e+00	1.58796e-01	3.57413e-02	1.95645e-12
7.28824e-01	5.00000e+01	4.47383e+00	1.65047e-01	3.68916e-02	1.41010e-12
5.20588e-01	5.00000e+01	4.50733e+00	1.73721e-01	3.85418e-02	1.01703e-12
5.00000e-01	5.00000e+01	4.51236e+00	1.74456e-01	3.86617e-02	9.78213e-13
1.00000e+06	5.50000e+01	3.51661e+00	1.01436e-01	2.88447e-02	1.40119e-06
7.14286e+05	5.50000e+01	3.53884e+00	9.85233e-02	2.78406e-02	1.00963e-06
5.10204e+05	5.50000e+01	3.56018e+00	9.77570e-02	2.74584e-02	7.27211e-07
3.64432e+05	5.50000e+01	3.58156e+00	9.79918e-02	2.73601e-02	5.23770e-07
2.60308e+05	5.50000e+01	3.60414e+00	9.80158e-02	2.71954e-02	3.77388e-07
1.85934e+05	5.50000e+01	3.62089e+00	9.74327e-02	2.69085e-02	2.71292e-07
1.32810e+05	5.50000e+01	3.64149e+00	9.79043e-02	2.68858e-02	1.95302e-07
9.48645e+04	5.50000e+01	3.66453e+00	9.85197e-02	2.68847e-02	1.40718e-07
6.77604e+04	5.50000e+01	3.68271e+00	9.99669e-02	2.71450e-02	1.01200e-07
4.84003e+04	5.50000e+01	3.70353e+00	1.00734e-01	2.71994e-02	7.28466e-08
3.45716e+04	5.50000e+01	3.72735e+00	1.02354e-01	2.74604e-02	5.24922e-08
2.46940e+04	5.50000e+01	3.74830e+00	1.04165e-01	2.77899e-02	3.77831e-08
1.76386e+04	5.50000e+01	3.76988e+00	1.06175e-01	2.81640e-02	2.72003e-08
1.25990e+04	5.50000e+01	3.79179e+00	1.08185e-01	2.85315e-02	1.95827e-08
8.99928e+03	5.50000e+01	3.81715e+00	1.10703e-01	2.90015e-02	1.41150e-08
6.42805e+03	5.50000e+01	3.83895e+00	1.13340e-01	2.95237e-02	1.01605e-08
4.59147e+03	5.50000e+01	3.86248e+00	1.15656e-01	2.99434e-02	7.31773e-09
3.27962e+03	5.50000e+01	3.89028e+00	1.18815e-01	3.05415e-02	5.27788e-09
2.34258e+03	5.50000e+01	3.91530e+00	1.21674e-01	3.10766e-02	3.80264e-09
1.67328e+03	5.50000e+01	3.94124e+00	1.24594e-01	3.16129e-02	2.74041e-09
1.19520e+03	5.50000e+01	3.96792e+00	1.28751e-01	3.24480e-02	1.97528e-09
8.53712e+02	5.50000e+01	3.99517e+00	1.30242e-01	3.26000e-02	1.42387e-09
6.09794e+02	5.50000e+01	4.02370e+00	1.32747e-01	3.29913e-02	1.02676e-09
4.35567e+02	5.50000e+01	4.05307e+00	1.35464e-01	3.34225e-02	7.40538e-10
3.11119e+02	5.50000e+01	4.08261e+00	1.37318e-01	3.36349e-02	5.34079e-10
2.22228e+02	5.50000e+01	4.11259e+00	1.39056e-01	3.38122e-02	3.85197e-10
1.58734e+02	5.50000e+01	4.14264e+00	1.40719e-01	3.39685e-02	2.77798e-10
1.13382e+02	5.50000e+01	4.17347e+00	1.42474e-01	3.41380e-02	2.00375e-10
8.09869e+01	5.50000e+01	4.20348e+00	1.44028e-01	3.42641e-02	1.44479e-10
5.78478e+01	5.50000e+01	4.23472e+00	1.45778e-01	3.44244e-02	1.04206e-10
4.13199e+01	5.50000e+01	4.26615e+00	1.47063e-01	3.44720e-02	7.51560e-11
2.95142e+01	5.50000e+01	4.29804e+00	1.48530e-01	3.45575e-02	5.42071e-11
2.10816e+01	5.50000e+01	4.33023e+00	1.50042e-01	3.46498e-02	3.90973e-11
1.50583e+01	5.50000e+01	4.36216e+00	1.51504e-01	3.47313e-02	2.81944e-11
1.07559e+01	5.50000e+01	4.39466e+00	1.53001e-01	3.48152e-02	2.03335e-11
7.68279e+00	5.50000e+01	4.42613e+00	1.55101e-01	3.50421e-02	1.46587e-11
5.48770e+00	5.50000e+01	4.45904e+00	1.57180e-01	3.52498e-02	1.05712e-11
3.91979e+00	5.50000e+01	4.49289e+00	1.59275e-01	3.54503e-02	7.62479e-12
2.79985e+00	5.50000e+01	4.52551e+00	1.64220e-01	3.62876e-02	5.49739e-12
1.99989e+00	5.50000e+01	4.55804e+00	1.69316e-01	3.71466e-02	3.96313e-12
1.42850e+00	5.50000e+01	4.59072e+00	1.76408e-01	3.84272e-02	2.85702e-12
1.02035e+00	5.50000e+01	4.62438e+00	1.86567e-01	4.03442e-02	2.06010e-12
7.28824e-01	5.50000e+01	4.65752e+00	2.02059e-01	4.33833e-02	1.48525e-12
5.20588e-01	5.50000e+01	4.69303e+00	2.20892e-01	4.70681e-02	1.07147e-12
5.00000e-01	5.50000e+01	4.69804e+00	2.24149e-01	4.77112e-02	1.03054e-12
1.00000e+06	6.00000e+01	3.56988e+00	1.10112e-01	3.08448e-02	1.43100e-06
7.14286e+05	6.00000e+01	3.59496e+00	1.08174e-01	3.00905e-02	1.03207e-06
5.10204e+05	6.00000e+01	3.61749e+00	1.08313e-01	2.99415e-02	7.43584e-07
3.64432e+05	6.00000e+01	3.64131e+00	1.09419e-01	3.00494e-02	5.35965e-07
2.60308e+05	6.00000e+01	3.66644e+00	1.10437e-01	3.01210e-02	3.86475e-07
1.85934e+05	6.00000e+01	3.68588e+00	1.10861e-01	3.00772e-02	2.78064e-07
1.32810e+05	6.00000e+01	3.70958e+00	1.12149e-01	3.02322e-02	2.00371e-07
9.48645e+04	6.00000e+01	3.73592e+00	1.13594e-01	3.04059e-02	1.44514e-07
6.77604e+04	6.00000e+01	3.75822e+00	1.15788e-01	3.08091e-02	1.04068e-07
4.84003e+04	6.00000e+01	3.78188e+00	1.17157e-01	3.09786e-02	7.49721e-08
3.45716e+04	6.00000e+01	3.80947e+00	1.19345e-01	3.13284e-02	5.40835e-08
2.46940e+04	6.00000e+01	3.83425e+00	1.21560e-01	3.17036e-02	3.89724e-08
1.76386e+04	6.00000e+01	3.85968e+00	1.23830e-01	3.20829e-02	2.80878e-08
1.25990e+04	6.00000e+01	3.88555e+00	1.26096e-01	3.24525e-02	2.02445e-08
8.99928e+03	6.00000e+01	3.91505e+00	1.28694e-01	3.28717e-02	1.46085e-08
6.42805e+03	6.00000e+01	3.94078e+00	1.31330e-01	3.33258e-02	1.05270e-08
4.59147e+03	6.00000e+01	3.96858e+00	1.33417e-01	3.36183e-02	7.59044e-09
3.27962e+03	6.00000e+01	4.00009e+00	1.36377e-01	3.40933e-02	5.47944e-09
2.34258e+03	6.00000e+01	4.02907e+00	1.38931e-01	3.44823e-02	3.95176e-09
1.67328e+03	6.00000e+01	4.05879e+00	1.41324e-01	3.48191e-02	2.85042e-09
1.19520e+03	6.00000e+01	4.08905e+00	1.44818e-01	3.54162e-02	2.05622e-09
8.53712e+02	6.00000e+01	4.11973e+00	1.45649e-01	3.53541e-02	1.48330e-09
6.09794e+02	6.00000e+01	4.15155e+00	1.47249e-01	3.54683e-02	1.07031e-09
4.35567e+02	6.00000e+01	4.18399e+00	1.49053e-01	3.56247e-02	7.72380e-10
3.11119e+02	6.00000e+01	4.21642e+00	1.50087e-01	3.55958e-02	5.57316e-10
2.22228e+02	6.00000e+01	4.24888e+00	1.50982e-01	3.55345e-02	4.02097e-10
1.58734e+02	6.00000e+01	4.28164e+00	1.51916e-01	3.54808e-02	2.90106e-10
1.13382e+02	6.00000e+01	4.31432e+00	1.52572e-01	3.53641e-02	2.09279e-10
8.09869e+01	6.00000e+01	4.34627e+00	1.53490e-01	3.53153e-02	1.50925e-10
5.78478e+01	6.00000e+01	4.37897e+00	1.54110e-01	3.51932e-02	1.08856e-10
4.13199e+01	6.00000e+01	4.41203e+00	1.55141e-01	3.51631e-02	7.85145e-11
2.95142e+01	6.00000e+01	4.44536e+00	1.56122e-01	3.51203e-02	5.66292e-11
2.10816e+01	6.00000e+01	4.47818e+00	1.57660e-01	3.52063e-02	4.08347e-11
1.50583e+01	6.00000e+01	4.51120e+00	1.59301e-01	3.53123e-02	2.94446e-11
1.07559e+01	6.00000e+01	4.54444e+00	1.61717e-01	3.55856e-02	2.12312e-11
7.68279e+00	6.00000e+01	4.57665e+00	1.64872e-01	3.60246e-02	1.53033e-11
5.48770e+00	6.00000e+01	4.60951e+00	1.69528e-01	3.67779e-02	1.10318e-11
3.91979e+00	6.00000e+01	4.64423e+00	1.75451e-01	3.77783e-02	7.95611e-12
2.79985e+00	6.00000e+01	4.67747e+00	1.84124e-01	3.93639e-02	5.73531e-12
1.99989e+00	6.00000e+01	4.71098e+00	1.96849e-01	4.17851e-02	4.13461e-12
1.42850e+00	6.00000e+01	4.74538e+00	2.14330e-01	4.51661e-02	2.98135e-12
1.02035e+00	6.00000e+01	4.78218e+00	2.36582e-01	4.94715e-02	2.15115e-12
7.28824e-01	6.00000e+01	4.81964e+00	2.68124e-01	5.56316e-02	1.55254e-12
5.20588e-01	6.00000e+01	4.86127e+00	3.11381e-01	6.40534e-02	1.12192e-12
5.00000e-01	6.00000e+01	4.86615e+00	3.17592e-01	6.52656e-02	1.07904e-12
1.00000e+06	6.50000e+01	3.62122e+00	1.20086e-01	3.31617e-02	1.45978e-06
7.14286e+05	6.50000e+01	3.64862e+00	1.19151e-01	3.26565e-02	1.05356e-06
5.10204e+05	6.50000e+01	3.67360e+00	1.20162e-01	3.27096e-02	7.59640e-07
3.64432e+05	6.50000e+01	3.70006e+00	1.22190e-01	3.30238e-02	5.47978e-07
2.60308e+05	6.50000e+01	3.72819e+00	1.24031e-01	3.32684e-02	3.95493e-07
1.85934e+05	6.50000e+01	3.75065e+00	1.25142e-01	3.33655e-02	2.84821e-07
1.32810e+05	6.50000e+01	3.77768e+00	1.27029e-01	3.36263e-02	2.05446e-07
9.48645e+04	6.50000e+01	3.80758e+00	1.28986e-01	3.38761e-02	1.48328e-07
6.77604e+04	6.50000e+01	3.83326e+00	1.31517e-01	3.43095e-02	1.06920e-07
4.84003e+04	6.50000e+01	3.86047e+00	1.33138e-01	3.44875e-02	7.71054e-08
3.45716e+04	6.50000e+01	3.89173e+00	1.35468e-01	3.48092e-02	5.56778e-08
2.46940e+04	6.50000e+01	3.92012e+00	1.37712e-01	3.51296e-02	4.01609e-08
1.76386e+04	6.50000e+01	3.94915e+00	1.39829e-01	3.54074e-02	2.89719e-08
1.25990e+04	6.50000e+01	3.97842e+00	1.41924e-01	3.56735e-02	2.08998e-08
8.99928e+03	6.50000e+01	4.01152e+00	1.44160e-01	3.59366e-02	1.50945e-08
6.42805e+03	6.50000e+01	4.04144e+00	1.46356e-01	3.62139e-02	1.08891e-08
4.59147e+03	6.50000e+01	4.07136e+00	1.47961e-01	3.63418e-02	7.85444e-09
3.27962e+03	6.50000e+01	4.10636e+00	1.50199e-01	3.65772e-02	5.67428e-09
2.34258e+03	6.50000e+01	4.13827e+00	1.52025e-01	3.67363e-02	4.09472e-09
1.67328e+03	6.50000e+01	4.17068e+00	1.53439e-01	3.67899e-02	2.95500e-09
1.19520e+03	6.50000e+01	4.20361e+00	1.56119e-01	3.71393e-02	2.13267e-09
8.53712e+02	6.50000e+01	4.23659e+00	1.55942e-01	3.68084e-02	1.53897e-09
6.09794e+02	6.50000e+01	4.27046e+00	1.56622e-01	3.66756e-02	1.11076e-09
4.35567e+02	6.50000e+01	4.30464e+00	1.57336e-01	3.65503e-02	8.01678e-10
3.11119e+02	6.50000e+01	4.33857e+00	1.57358e-01	3.62696e-02	5.78493e-10
2.22228e+02	6.50000e+01	4.37228e+00	1.57363e-01	3.59911e-02	4.17372e-10
1.58734e+02	6.50000e+01	4.40594e+00	1.57515e-01	3.57506e-02	3.01093e-10
1.13382e+02	6.50000e+01	4.43938e+00	1.58087e-01	3.56101e-02	2.17176e-10
8.09869e+01	6.50000e+01	4.47207e+00	1.58537e-01	3.54505e-02	1.56598e-10
5.78478e+01	6.50000e+01	4.50544e+00	1.59111e-01	3.53152e-02	1.12929e-10
4.13199e+01	6.50000e+01	4.53932e+00	1.60212e-01	3.52944e-02	8.14427e-11
2.95142e+01	6.50000e+01	4.57243e+00	1.61483e-01	3.53167e-02	5.87174e-11
2.10816e+01	6.50000e+01	4.60544e+00	1.63795e-01	3.55655e-02	4.23290e-11
1.50583e+01	6.50000e+01	4.63857e+00	1.67399e-01	3.60885e-02	3.05137e-11
1.07559e+01	6.50000e+01	4.67189e+00	1.71806e-01	3.67744e-02	2.19959e-11
7.68279e+00	6.50000e+01	4.70471e+00	1.79121e-01	3.80727e-02	1.58529e-11
5.48770e+00	6.50000e+01	4.73904e+00	1.88634e-01	3.98042e-02	1.14296e-11
3.91979e+00	6.50000e+01	4.77290e+00	2.01819e-01	4.22844e-02	8.23925e-12
2.79985e+00	6.50000e+01	4.80752e+00	2.21104e-01	4.59912e-02	5.94069e-12
1.99989e+00	6.50000e+01	4.84388e+00	2.46443e-01	5.08773e-02	4.28544e-12
1.42850e+00	6.50000e+01	4.88165e+00	2.82581e-01	5.78864e-02	3.09295e-12
1.02035e+00	6.50000e+01	4.92431e+00	3.30002e-01	6.70149e-02	2.23549e-12
7.28824e-01	6.50000e+01	4.97006e+00	3.92624e-01	7.89979e-02	1.61757e-12
5.20588e-01	6.50000e+01	5.02796e+00	4.76784e-01	9.48264e-02	1.17471e-12
5.00000e-01	6.50000e+01	5.03387e+00	4.88834e-01	9.71090e-02	1.13028e-12
1.00000e+06	7.00000e+01	3.67188e+00	1.31479e-01	3.58069e-02	1.48824e-06
7.14286e+05	7.00000e+01	3.70186e+00	1.31372e-01	3.54881e-02	1.07492e-06
5.10204e+05	7.00000e+01	3.72961e+00	1.33146e-01	3.56996e-02	7.75693e-07
3.64432e+05	7.00000e+01	3.75922e+00	1.35780e-01	3.61191e-02	5.60089e-07
2.60308e+05	7.00000e+01	3.79065e+00	1.38181e-01	3.64532e-02	4.04627e-07
1.85934e+05	7.00000e+01	3.81607e+00	1.39635e-01	3.65913e-02	2.91652e-07
1.32810e+05	7.00000e+01	3.84655e+00	1.41823e-01	3.68702e-02	2.10580e-07
9.48645e+04	7.00000e+01	3.87989e+00	1.43848e-01	3.70752e-02	1.52177e-07
6.77604e+04	7.00000e+01	3.90899e+00	1.46361e-01	3.74421e-02	1.09799e-07
4.84003e+04	7.00000e+01	3.93955e+00	1.47819e-01	3.75219e-02	7.92512e-08
3.45716e+04	7.00000e+01	3.97412e+00	1.49858e-01	3.77084e-02	5.72740e-08
2.46940e+04	7.00000e+01	4.00567e+00	1.51687e-01	3.78680e-02	4.13443e-08
1.76386e+04	7.00000e+01	4.03777e+00	1.53382e-01	3.79869e-02	2.98470e-08
1.25990e+04	7.00000e+01	4.06998e+00	1.54870e-01	3.80517e-02	2.15453e-08
8.99928e+03	7.00000e+01	4.10600e+00	1.56488e-01	3.81122e-02	1.55700e-08
6.42805e+03	7.00000e+01	4.13851e+00	1.57936e-01	3.81625e-02	1.12378e-08
4.59147e+03	7.00000e+01	4.17148e+00	1.59088e-01	3.81369e-02	8.11127e-09
3.27962e+03	7.00000e+01	4.20828e+00	1.60072e-01	3.80373e-02	5.86091e-09
2.34258e+03	7.00000e+01	4.24219e+00	1.60862e-01	3.79197e-02	4.23055e-09
1.67328e+03	7.00000e+01	4.27648e+00	1.61455e-01	3.77542e-02	3.05373e-09
1.19520e+03	7.00000e+01	4.31090e+00	1.63175e-01	3.78517e-02	2.20415e-09
8.53712e+02	7.00000e+01	4.34521e+00	1.61932e-01	3.72669e-02	1.59064e-09
6.09794e+02	7.00000e+01	4.38020e+00	1.61669e-01	3.69091e-02	1.14802e-09
4.35567e+02	7.00000e+01	4.41523e+00	1.61646e-01	3.66109e-02	8.28496e-10
3.11119e+02	7.00000e+01	4.44974e+00	1.61009e-01	3.61839e-02	5.97745e-10
2.22228e+02	7.00000e+01	4.48380e+00	1.60572e-01	3.58117e-02	4.31164e-10
1.58734e+02	7.00000e+01	4.51771e+00	1.60392e-01	3.55029e-02	3.10965e-10
1.13382e+02	7.00000e+01	4.55156e+00	1.60746e-01	3.53167e-02	2.24252e-10
8.09869e+01	7.00000e+01	4.58427e+00	1.61428e-01	3.52133e-02	1.61654e-10
5.78478e+01	7.00000e+01	4.61788e+00	1.62735e-01	3.52402e-02	1.16549e-10
4.13199e+01	7.00000e+01	4.65110e+00	1.64608e-01	3.53913e-02	8.40142e-11
2.95142e+01	7.00000e+01	4.68411e+00	1.67718e-01	3.58057e-02	6.05539e-11
2.10816e+01	7.00000e+01	4.71692e+00	1.72838e-01	3.66421e-02	4.36399e-11
1.50583e+01	7.00000e+01	4.75008e+00	1.79535e-01	3.77962e-02	3.14515e-11
1.07559e+01	7.00000e+01	4.78379e+00	1.89533e-01	3.96200e-02	2.26697e-11
7.68279e+00	7.00000e+01	4.81654e+00	2.05193e-01	4.26017e-02	1.63359e-11
5.48770e+00	7.00000e+01	4.85134e+00	2.23758e-01	4.61229e-02	1.17778e-11
3.91979e+00	7.00000e+01	4.88827e+00	2.51637e-01	5.14777e-02	8.49680e-12
2.79985e+00	7.00000e+01	4.92662e+00	2.88885e-01	5.86377e-02	6.13274e-12
1.99989e+00	7.00000e+01	4.96802e+00	3.39907e-01	6.84190e-02	4.43096e-12
1.42850e+00	7.00000e+01	5.01528e+00	4.07612e-01	8.12739e-02	3.20738e-12
1.02035e+00	7.00000e+01	5.07217e+00	4.96829e-01	9.79518e-02	2.32871e-12
7.28824e-01	7.00000e+01	5.13852e+00	6.12815e-01	1.19259e-01	1.69632e-12
5.20588e-01	7.00000e+01	5.22493e+00	7.62762e-01	1.45985e-01	1.24339e-12
5.00000e-01	7.00000e+01	5.23653e+00	7.83994e-01	1.49716e-01	1.19845e-12
1.00000e+06	7.50000e+01	3.72351e+00	1.43792e-01	3.86174e-02	1.51727e-06
7.14286e+05	7.50000e+01	3.75645e+00	1.44266e-01	3.84050e-02	1.09684e-06
5.10204e+05	7.50000e+01	3.78728e+00	1.46531e-01	3.86902e-02	7.92233e-07
3.64432e+05	7.50000e+01	3.81999e+00	1.49519e-01	3.91411e-02	5.72536e-07
2.60308e+05	7.50000e+01	3.85462e+00	1.51976e-01	3.94268e-02	4.13981e-07
1.85934e+05	7.50000e+01	3.88310e+00	1.53557e-01	3.95450e-02	2.98650e-07
1.32810e+05	7.50000e+01	3.91683e+00	1.55496e-01	3.96995e-02	2.15819e-07
9.48645e+04	7.50000e+01	3.95339e+00	1.57291e-01	3.97863e-02	1.56088e-07
6.77604e+04	7.50000e+01	3.98542e+00	1.59366e-01	3.99873e-02	1.12701e-07
4.84003e+04	7.50000e+01	4.01872e+00	1.60282e-01	3.98840e-02	8.13975e-08
3.45716e+04	7.50000e+01	4.05603e+00	1.61818e-01	3.98957e-02	5.88592e-08
2.46940e+04	7.50000e+01	4.09008e+00	1.62974e-01	3.98462e-02	4.25103e-08
1.76386e+04	7.50000e+01	4.12469e+00	1.63902e-01	3.97369e-02	3.07041e-08
1.25990e+04	7.50000e+01	4.15896e+00	1.64576e-01	3.95715e-02	2.21716e-08
8.99928e+03	7.50000e+01	4.19715e+00	1.65357e-01	3.93974e-02	1.60280e-08
6.42805e+03	7.50000e+01	4.23160e+00	1.65999e-01	3.92284e-02	1.15717e-08
4.59147e+03	7.50000e+01	4.26552e+00	1.65956e-01	3.89065e-02	8.35205e-09
3.27962e+03	7.50000e+01	4.30444e+00	1.66366e-01	3.86499e-02	6.03671e-09
2.34258e+03	7.50000e+01	4.33960e+00	1.66386e-01	3.83414e-02	4.35769e-09
1.67328e+03	7.50000e+01	4.37480e+00	1.66108e-01	3.79693e-02	3.14536e-09
1.19520e+03	7.50000e+01	4.41012e+00	1.66965e-01	3.78594e-02	2.27017e-09
8.53712e+02	7.50000e+01	4.44495e+00	1.64916e-01	3.71020e-02	1.63802e-09
6.09794e+02	7.50000e+01	4.48029e+00	1.64071e-01	3.66206e-02	1.18198e-09
4.35567e+02	7.50000e+01	4.51539e+00	1.63426e-01	3.61932e-02	8.52761e-10
3.11119e+02	7.50000e+01	4.54986e+00	1.62553e-01	3.57270e-02	6.15066e-10
2.22228e+02	7.50000e+01	4.58374e+00	1.61983e-01	3.53386e-02	4.43515e-10
1.58734e+02	7.50000e+01	4.61756e+00	1.62102e-01	3.51055e-02	3.19781e-10
1.13382e+02	7.50000e+01	4.65080e+00	1.63041e-01	3.50565e-02	2.30512e-10
8.09869e+01	7.50000e+01	4.68325e+00	1.64547e-01	3.51353e-02	1.66115e-10
5.78478e+01	7.50000e+01	4.71668e+00	1.67584e-01	3.55301e-02	1.19733e-10
4.13199e+01	7.50000e+01	4.74923e+00	1.72124e-01	3.62426e-02	8.62754e-11
2.95142e+01	7.50000e+01	4.78173e+00	1.78651e-01	3.73611e-02	6.21634e-11
2.10816e+01	7.50000e+01	4.81456e+00	1.88800e-01	3.92144e-02	4.47927e-11
1.50583e+01	7.50000e+01	4.84817e+00	2.03104e-01	4.18930e-02	3.22822e-11
1.07559e+01	7.50000e+01	4.88200e+00	2.22811e-01	4.56393e-02	2.32673e-11
7.68279e+00	7.50000e+01	4.91682e+00	2.50505e-01	5.09485e-02	1.67752e-11
5.48770e+00	7.50000e+01	4.95446e+00	2.87956e-01	5.81206e-02	1.21047e-11
3.91979e+00	7.50000e+01	4.99675e+00	3.38902e-01	6.78245e-02	8.74690e-12
2.79985e+00	7.50000e+01	5.04204e+00	4.06941e-01	8.07097e-02	6.32782e-12
1.99989e+00	7.50000e+01	5.09850e+00	4.98639e-01	9.78011e-02	4.59358e-12
1.42850e+00	7.50000e+01	5.16523e+00	6.17755e-01	1.19599e-01	3.34635e-12
1.02035e+00	7.50000e+01	5.25030e+00	7.71205e-01	1.46888e-01	2.45207e-12
7.28824e-01	7.50000e+01	5.35444e+00	9.65501e-01	1.80318e-01	1.80845e-12
5.20588e-01	7.50000e+01	5.49217e+00	1.21358e+00	2.20965e-01	1.34765e-12
5.00000e-01	7.50000e+01	5.51016e+00	1.24913e+00	2.26697e-01	1.30179e-12
1.00000e+06	8.00000e+01	3.77611e+00	1.56417e-01	4.14228e-02	1.54687e-06
7.14286e+05	8.00000e+01	3.81220e+00	1.57197e-01	4.12353e-02	1.11924e-06
5.10204e+05	8.00000e+01	3.84596e+00	1.59504e-01	4.14732e-02	8.09065e-07
3.64432e+05	8.00000e+01	3.88167e+00	1.62366e-01	4.18288e-02	5.85165e-07
2.60308e+05	8.00000e+01	3.91937e+00	1.64679e-01	4.20167e-02	4.23444e-07
1.85934e+05	8.00000e+01	3.95049e+00	1.65757e-01	4.19585e-02	3.05680e-07
1.32810e+05	8.00000e+01	3.98707e+00	1.67214e-01	4.19390e-02	2.21047e-07
9.48645e+04	8.00000e+01	4.02622e+00	1.68387e-01	4.18224e-02	1.59958e-07
6.77604e+04	8.00000e+01	4.06066e+00	1.69855e-01	4.18294e-02	1.15555e-07
4.84003e+04	8.00000e+01	4.09622e+00	1.70065e-01	4.15176e-02	8.34954e-08
3.45716e+04	8.00000e+01	4.13564e+00	1.70826e-01	4.13057e-02	6.03975e-08
2.46940e+04	8.00000e+01	4.17161e+00	1.71207e-01	4.10409e-02	4.36348e-08
1.76386e+04	8.00000e+01	4.20771e+00	1.71341e-01	4.07208e-02	3.15215e-08
1.25990e+04	8.00000e+01	4.24351e+00	1.71241e-01	4.03536e-02	2.27659e-08
8.99928e+03	8.00000e+01	4.28306e+00	1.71179e-01	3.99665e-02	1.64590e-08
6.42805e+03	8.00000e+01	4.31869e+00	1.70879e-01	3.95673e-02	1.18837e-08
4.59147e+03	8.00000e+01	4.35359e+00	1.70105e-01	3.90724e-02	8.57727e-09
3.27962e+03	8.00000e+01	4.39321e+00	1.69726e-01	3.86338e-02	6.19878e-09
2.34258e+03	8.00000e+01	4.42892e+00	1.68959e-01	3.81491e-02	4.47413e-09
1.67328e+03	8.00000e+01	4.46434e+00	1.67921e-01	3.76139e-02	3.22869e-09
1.19520e+03	8.00000e+01	4.49993e+00	1.68306e-01	3.74018e-02	2.32986e-09
8.53712e+02	8.00000e+01	4.53474e+00	1.65724e-01	3.65454e-02	1.68064e-09
6.09794e+02	8.00000e+01	4.56988e+00	1.64549e-01	3.60072e-02	1.21235e-09
4.35567e+02	8.00000e+01	4.60470e+00	1.63896e-01	3.55932e-02	8.74383e-10
3.11119e+02	8.00000e+01	4.63860e+00	1.63151e-01	3.51725e-02	6.30415e-10
2.22228e+02	8.00000e+01	4.67223e+00	1.63151e-01	3.49193e-02	4.54451e-10
1.58734e+02	8.00000e+01	4.70506e+00	1.64272e-01	3.49139e-02	3.27508e-10
1.13382e+02	8.00000e+01	4.73823e+00	1.66456e-01	3.51304e-02	2.36030e-10
8.09869e+01	8.00000e+01	4.76995e+00	1.70343e-01	3.57118e-02	1.70029e-10
5.78478e+01	8.00000e+01	4.80246e+00	1.76548e-01	3.67619e-02	1.22503e-10
4.13199e+01	8.00000e+01	4.83493e+00	1.85532e-01	3.83731e-02	8.82579e-11
2.95142e+01	8.00000e+01	4.86775e+00	1.98710e-01	4.08217e-02	6.35903e-11
2.10816e+01	8.00000e+01	4.90117e+00	2.17382e-01	4.43531e-02	4.58248e-11
1.50583e+01	8.00000e+01	4.93547e+00	2.43443e-01	4.93253e-02	3.30316e-11
1.07559e+01	8.00000e+01	4.97230e+00	2.79126e-01	5.61363e-02	2.38280e-11
7.68279e+00	8.00000e+01	5.01126e+00	3.27866e-01	6.54258e-02	1.72018e-11
5.48770e+00	8.00000e+01	5.05603e+00	3.93670e-01	7.78616e-02	1.24410e-11
3.91979e+00	8.00000e+01	5.10839e+00	4.81628e-01	9.42817e-02	9.02044e-12
2.79985e+00	8.00000e+01	5.17158e+00	5.94974e-01	1.15047e-01	6.56353e-12
1.99989e+00	8.00000e+01	5.25129e+00	7.47401e-01	1.42327e-01	4.80249e-12
1.42850e+00	8.00000e+01	5.35336e+00	9.37290e-01	1.75085e-01	3.53893e-12
1.02035e+00	8.00000e+01	5.48222e+00	1.18270e+00	2.15734e-01	2.63141e-12
7.28824e-01	8.00000e+01	5.64578e+00	1.48623e+00	2.63247e-01	1.97774e-12
5.20588e-01	8.00000e+01	5.85758e+00	1.87334e+00	3.19815e-01	1.50783e-12
5.00000e-01	8.00000e+01	5.88487e+00	1.92685e+00	3.27424e-01	1.46068e-12
1.00000e+06	8.50000e+01	3.82903e+00	1.68560e-01	4.40216e-02	1.57665e-06
7.14286e+05	8.50000e+01	3.86789e+00	1.69121e-01	4.37245e-02	1.14161e-06
5.10204e+05	8.50000e+01	3.90449e+00	1.71133e-01	4.38300e-02	8.25838e-07
3.64432e+05	8.50000e+01	3.94296e+00	1.73589e-01	4.40250e-02	5.97701e-07
2.60308e+05	8.50000e+01	3.98311e+00	1.75176e-01	4.39796e-02	4.32747e-07
1.85934e+05	8.50000e+01	4.01641e+00	1.75742e-01	4.37559e-02	3.12547e-07
1.32810e+05	8.50000e+01	4.05514e+00	1.76475e-01	4.35189e-02	2.26108e-07
9.48645e+04	8.50000e+01	4.09640e+00	1.76859e-01	4.31743e-02	1.63680e-07
6.77604e+04	8.50000e+01	4.13256e+00	1.77513e-01	4.29548e-02	1.18277e-07
4.84003e+04	8.50000e+01	4.16965e+00	1.76984e-01	4.24458e-02	8.54798e-08
3.45716e+04	8.50000e+01	4.21047e+00	1.76947e-01	4.20255e-02	6.18409e-08
2.46940e+04	8.50000e+01	4.24767e+00	1.76535e-01	4.15605e-02	4.46821e-08
1.76386e+04	8.50000e+01	4.28488e+00	1.75890e-01	4.10491e-02	3.22800e-08
1.25990e+04	8.50000e+01	4.32137e+00	1.75117e-01	4.05234e-02	2.33123e-08
8.99928e+03	8.50000e+01	4.36184e+00	1.74235e-01	3.99454e-02	1.68537e-08
6.42805e+03	8.50000e+01	4.39794e+00	1.73345e-01	3.94150e-02	1.21672e-08
4.59147e+03	8.50000e+01	4.43339e+00	1.71711e-01	3.87314e-02	8.78104e-09
3.27962e+03	8.50000e+01	4.47293e+00	1.70948e-01	3.82184e-02	6.34416e-09
2.34258e+03	8.50000e+01	4.50865e+00	1.69499e-01	3.75943e-02	4.57795e-09
1.67328e+03	8.50000e+01	4.54416e+00	1.68038e-01	3.69789e-02	3.30292e-09
1.19520e+03	8.50000e+01	4.57946e+00	1.68032e-01	3.66924e-02	2.38267e-09
8.53712e+02	8.50000e+01	4.61375e+00	1.65305e-01	3.58287e-02	1.71812e-09
6.09794e+02	8.50000e+01	4.64814e+00	1.64216e-01	3.53293e-02	1.23886e-09
4.35567e+02	8.50000e+01	4.68252e+00	1.64007e-01	3.50253e-02	8.93223e-10
3.11119e+02	8.50000e+01	4.71577e+00	1.63970e-01	3.47706e-02	6.43765e-10
2.22228e+02	8.50000e+01	4.74854e+00	1.65366e-01	3.48246e-02	4.63888e-10
1.58734e+02	8.50000e+01	4.78096e+00	1.68187e-01	3.51785e-02	3.34220e-10
1.13382e+02	8.50000e+01	4.81337e+00	1.73364e-01	3.60172e-02	2.40785e-10
8.09869e+01	8.50000e+01	4.84465e+00	1.81105e-01	3.73824e-02	1.73413e-10
5.78478e+01	8.50000e+01	4.87703e+00	1.92583e-01	3.94877e-02	1.24925e-10
4.13199e+01	8.50000e+01	4.90974e+00	2.08938e-01	4.25557e-02	9.00027e-11
2.95142e+01	8.50000e+01	4.94323e+00	2.32015e-01	4.69358e-02	6.48579e-11
2.10816e+01	8.50000e+01	4.97819e+00	2.64735e-01	5.31790e-02	4.67603e-11
1.50583e+01	8.50000e+01	5.01590e+00	3.08817e-01	6.15677e-02	3.37417e-11
1.07559e+01	8.50000e+01	5.05796e+00	3.69031e-01	7.29603e-02	2.43822e-11
7.68279e+00	8.50000e+01	5.10586e+00	4.49455e-01	8.80274e-02	1.76538e-11
5.48770e+00	8.50000e+01	5.16368e+00	5.57161e-01	1.07900e-01	1.28248e-11
3.91979e+00	8.50000e+01	5.23656e+00	6.96027e-01	1.32917e-01	9.36242e-12
2.79985e+00	8.50000e+01	5.33078e+00	8.77214e-01	1.64556e-01	6.88274e-12
1.99989e+00	8.50000e+01	5.45044e+00	1.10799e+00	2.03285e-01	5.10267e-12
1.42850e+00	8.50000e+01	5.59978e+00	1.39971e+00	2.49957e-01	3.82098e-12
1.02035e+00	8.50000e+01	5.79703e+00	1.76740e+00	3.04880e-01	2.90197e-12
7.28824e-01	8.50000e+01	6.03682e+00	2.22701e+00	3.68905e-01	2.23296e-12
5.20588e-01	8.50000e+01	6.35094e+00	2.81070e+00	4.42564e-01	1.75051e-12
5.00000e-01	8.50000e+01	6.38893e+00	2.89086e+00	4.52479e-01	1.70107e-12
1.00000e+06	9.00000e+01	3.88146e+00	1.79460e-01	4.62352e-02	1.60614e-06
7.14286e+05	9.00000e+01	3.92301e+00	1.79520e-01	4.57608e-02	1.16372e-06
5.10204e+05	9.00000e+01	3.96188e+00	1.80940e-01	4.56703e-02	8.42267e-07
3.64432e+05	9.00000e+01	4.00258e+00	1.82626e-01	4.56271e-02	6.09877e-07
2.60308e+05	9.00000e+01	4.04474e+00	1.83512e-01	4.53707e-02	4.41728e-07
1.85934e+05	9.00000e+01	4.07950e+00	1.83227e-01	4.49141e-02	3.19108e-07
1.32810e+05	9.00000e+01	4.11986e+00	1.83148e-01	4.44548e-02	2.30910e-07
9.48645e+04	9.00000e+01	4.16248e+00	1.82717e-01	4.38963e-02	1.67180e-07
6.77604e+04	9.00000e+01	4.19971e+00	1.82647e-01	4.34905e-02	1.20815e-07
4.84003e+04	9.00000e+01	4.23768e+00	1.81308e-01	4.27846e-02	8.73155e-08
3.45716e+04	9.00000e+01	4.27938e+00	1.80574e-01	4.21964e-02	6.31681e-08
2.46940e+04	9.00000e+01	4.31714e+00	1.79498e-01	4.15781e-02	4.56372e-08
1.76386e+04	9.00000e+01	4.35462e+00	1.78238e-01	4.09307e-02	3.29647e-08
1.25990e+04	9.00000e+01	4.39163e+00	1.76755e-01	4.02481e-02	2.38047e-08
8.99928e+03	9.00000e+01	4.43220e+00	1.75382e-01	3.95700e-02	1.72058e-08
6.42805e+03	9.00000e+01	4.46836e+00	1.73954e-01	3.89303e-02	1.24188e-08
4.59147e+03	9.00000e+01	4.50383e+00	1.72482e-01	3.82968e-02	8.96085e-09
3.27962e+03	9.00000e+01	4.54317e+00	1.70563e-01	3.75427e-02	6.47213e-09
2.34258e+03	9.00000e+01	4.57858e+00	1.68866e-01	3.68818e-02	4.66894e-09
1.67328e+03	9.00000e+01	4.61354e+00	1.67223e-01	3.62461e-02	3.36740e-09
1.19520e+03	9.00000e+01	4.64832e+00	1.67060e-01	3.59398e-02	2.42838e-09
8.53712e+02	9.00000e+01	4.68186e+00	1.64707e-01	3.51798e-02	1.75042e-09
6.09794e+02	9.00000e+01	4.71549e+00	1.64039e-01	3.47872e-02	1.26168e-09
4.35567e+02	9.00000e+01	4.74893e+00	1.64917e-01	3.47271e-02	9.09309e-10
3.11119e+02	9.00000e+01	4.78158e+00	1.66445e-01	3.48095e-02	6.55164e-10
2.22228e+02	9.00000e+01	4.81367e+00	1.70121e-01	3.53412e-02	4.71958e-10
1.58734e+02	9.00000e+01	4.84547e+00	1.76191e-01	3.63621e-02	3.39942e-10
1.13382e+02	9.00000e+01	4.87760e+00	1.85526e-01	3.80364e-02	2.44868e-10
8.09869e+01	9.00000e+01	4.90884e+00	1.99263e-01	4.05927e-02	1.76342e-10
5.78478e+01	9.00000e+01	4.94147e+00	2.19008e-01	4.43204e-02	1.27041e-10
4.13199e+01	9.00000e+01	4.97507e+00	2.46681e-01	4.95833e-02	9.15519e-11
2.95142e+01	9.00000e+01	5.01025e+00	2.84905e-01	5.68644e-02	6.60123e-11
2.10816e+01	9.00000e+01	5.04993e+00	3.37667e-01	6.68657e-02	4.76633e-11
1.50583e+01	9.00000e+01	5.09406e+00	4.08268e-01	8.01459e-02	3.44673e-11
1.07559e+01	9.00000e+01	5.14657e+00	5.03287e-01	9.77906e-02	2.49943e-11
7.68279e+00	9.00000e+01	5.21018e+00	6.27898e-01	1.20514e-01	1.81939e-11
5.48770e+00	9.00000e+01	5.28981e+00	7.91390e-01	1.49606e-01	1.33176e-11
3.91979e+00	9.00000e+01	5.39668e+00	1.00039e+00	1.85371e-01	9.83282e-12
2.79985e+00	9.00000e+01	5.53075e+00	1.26770e+00	2.29210e-01	7.32827e-12
1.99989e+00	9.00000e+01	5.70353e+00	1.60729e+00	2.81806e-01	5.53021e-12
1.42850e+00	9.00000e+01	5.92053e+00	2.03154e+00	3.43135e-01	4.23056e-12
1.02035e+00	9.00000e+01	6.20405e+00	2.57061e+00	4.14344e-01	3.29482e-12
7.28824e-01	9.00000e+01	6.54927e+00	3.24238e+00	4.95075e-01	2.60595e-12
5.20588e-01	9.00000e+01	6.99745e+00	4.10765e+00	5.87021e-01	2.10530e-12
5.00000e-01	9.00000e+01	7.04927e+00	4.22741e+00	5.99694e-01	2.05285e-12